0
123456
2
123456
4
123456
6
123456
8
123456
10
123456
12
123456
14
123456
16
123456
18
123456
20
123456
22
123456
24
123456
26
123456
28
123456
30
123456
32
123456
34
123456
36
123456
38
123456
40
123456
42
123456
44
123456
46
123456
48
123456
50
123456
52
123456
54
123456
56
123456
58
123456
60
123456
62
123456
64
123456
66
123456
68
123456
70
123456
72
123456
74
123456
76
123456
78
123456
80
123456
82
123456
84
123456
86
123456
88
123456
90
123456
92
123456
94
123456
96
123456
98
123456
100
123456
102
123456
104
123456
106
123456
108
123456
110
123456
112
123456
114
123456
116
123456
118
123456
120
123456
122
123456
124
123456
126
123456
128
123456
130
123456
132
123456
134
123456
136
123456
138
123456
140
123456
142
123456
144
123456
146
123456
148
123456
150
123456
152
123456
154
123456
156
123456
158
123456
160
123456
162
123456
164
123456
166
123456
168
123456
170
123456
172
123456
174
123456
176
123456
178
123456
180
123456
182
123456
184
123456
186
123456
188
123456
190
123456
192
123456
194
123456
196
123456
198
123456
200
123456
202
123456
204
123456
206
123456
208
123456
210
123456
212
123456
214
123456
216
123456
218
123456
220
123456
222
123456
224
123456
226
123456
228
123456
230
123456
232
123456
234
123456
236
123456
238
123456
240
123456
242
123456
244
123456
246
123456
248
123456
250
123456
252
123456
254
123456
256
123456
258
123456
260
123456
262
123456
264
123456
266
123456
268
123456
270
123456
272
123456
274
123456
276
123456
278
123456
280
123456
282
123456
284
123456
286
123456
288
123456
290
123456
292
123456
294
123456
296
123456
298
123456
300
123456
302
123456
304
123456
306
123456
308
123456
310
123456
312
123456
314
123456
316
123456
318
123456
320
123456
322
123456
324
123456
326
123456
328
123456
330
123456
332
123456
334
123456
336
123456
338
123456
340
123456
342
123456
344
123456
346
123456
348
123456
350
123456
352
123456
354
123456
356
123456
358
123456
360
123456
362
123456
364
123456
366
123456
368
123456
370
123456
372
123456
374
123456
376
123456
378
123456
380
123456
382
123456
384
123456
386
123456
388
123456
390
123456
392
123456
394
123456
396
123456
398
123456
400
123456
402
123456
404
123456
406
123456
408
123456
410
123456
412
123456
414
123456
416
123456
418
123456
420
123456
422
123456
424
123456
426
123456
428
123456
430
123456
432
123456
434
123456
436
123456
438
123456
440
123456
442
123456
444
123456
446
123456
448
123456
450
123456
452
123456
454
123456
456
123456
458
123456
460
123456
462
123456
464
123456
466
123456
468
123456
470
123456
472
123456
474
123456
476
123456
478
123456
480
123456
482
123456
484
123456
486
123456
488
123456
490
123456
492
123456
494
123456
496
123456
498
123456
500
123456
502
123456
504
123456
506
123456
508
123456
510
123456
512
123456
514
123456
516
123456
518
123456
520
123456
522
123456
524
123456
526
123456
528
123456
530
123456
532
123456
534
123456
536
123456
538
123456
540
123456
542
123456
544
123456
546
123456
548
123456
550
123456
552
123456
554
123456
556
123456
558
123456
560
123456
562
123456
564
123456
566
123456
568
123456
570
123456
572
123456
574
123456
576
123456
578
123456
580
123456
582
123456
584
123456
586
123456
588
123456
590
123456
592
123456
594
123456
596
123456
598
123456
600
123456
602
123456
604
123456
606
123456
608
123456
610
123456
612
123456
614
123456
616
123456
618
123456
620
123456
622
123456
624
123456
626
123456
628
123456
630
123456
632
123456
634
123456
636
123456
638
123456
640
123456
642
123456
644
123456
646
123456
648
123456
650
123456
652
123456
654
123456
656
123456
658
123456
660
123456
662
123456
664
123456
666
123456
668
123456
670
123456
672
123456
674
123456
676
123456
678
123456
680
123456
682
123456
684
123456
686
123456
688
123456
690
123456
692
123456
694
123456
696
123456
698
123456
700
123456
702
123456
704
123456
706
123456
708
123456
710
123456
712
123456
714
123456
716
123456
718
123456
720
123456
722
123456
724
123456
726
123456
728
123456
730
123456
732
123456
734
123456
736
123456
738
123456
740
123456
742
123456
744
123456
746
123456
748
123456
750
123456
752
123456
754
123456
756
123456
758
123456
760
123456
762
123456
764
123456
766
123456
768
123456
770
123456
772
123456
774
123456
776
123456
778
123456
780
123456
782
123456
784
123456
786
123456
788
123456
790
123456
792
123456
794
123456
796
123456
798
123456
800
123456
802
123456
804
123456
806
123456
808
123456
810
123456
812
123456
814
123456
816
123456
818
123456
820
123456
822
123456
824
123456
826
123456
828
123456
830
123456
832
123456
834
123456
836
123456
838
123456
840
123456
842
123456
844
123456
846
123456
848
123456
850
123456
852
123456
854
123456
856
123456
858
123456
860
123456
862
123456
864
123456
866
123456
868
123456
870
123456
872
123456
874
123456
876
123456
878
123456
880
123456
882
123456
884
123456
886
123456
888
123456
890
123456
892
123456
894
123456
896
123456
898
123456
900
123456
902
123456
904
123456
906
123456
908
123456
910
123456
912
123456
914
123456
916
123456
918
123456
920
123456
922
123456
924
123456
926
123456
928
123456
930
123456
932
123456
934
123456
936
123456
938
123456
940
123456
942
123456
944
123456
946
123456
948
123456
950
123456
952
123456
954
123456
956
123456
958
123456
960
123456
962
123456
964
123456
966
123456
968
123456
970
123456
972
123456
974
123456
976
123456
978
123456
980
123456
982
123456
984
123456
986
123456
988
123456
990
123456
992
123456
994
123456
996
123456
998
123456
1000
123456
1002
123456
1004
123456
1006
123456
1008
123456
1010
123456
1012
123456
1014
123456
1016
123456
1018
123456
1020
123456
1022
123456
1024
123456
1026
123456
1028
123456
1030
123456
1032
123456
1034
123456
1036
123456
1038
123456
1040
123456
1042
123456
1044
123456
1046
123456
1048
123456
1050
123456
1052
123456
1054
123456
1056
123456
1058
123456
1060
123456
1062
123456
1064
123456
1066
123456
1068
123456
1070
123456
1072
123456
1074
123456
1076
123456
1078
123456
1080
123456
1082
123456
1084
123456
1086
123456
1088
123456
1090
123456
1092
123456
1094
123456
1096
123456
1098
123456
1100
123456
1102
123456
1104
123456
1106
123456
1108
123456
1110
123456
1112
123456
1114
123456
1116
123456
1118
123456
1120
123456
1122
123456
1124
123456
1126
123456
1128
123456
1130
123456
1132
123456
1134
123456
1136
123456
1138
123456
1140
123456
1142
123456
1144
123456
1146
123456
1148
123456
1150
123456
1152
123456
1154
123456
1156
123456
1158
123456
1160
123456
1162
123456
1164
123456
1166
123456
1168
123456
1170
123456
1172
123456
1174
123456
1176
123456
1178
123456
1180
123456
1182
123456
1184
123456
1186
123456
1188
123456
1190
123456
1192
123456
1194
123456
1196
123456
1198
123456
1200
123456
1202
123456
1204
123456
1206
123456
1208
123456
1210
123456
1212
123456
1214
123456
1216
123456
1218
123456
1220
123456
1222
123456
1224
123456
1226
123456
1228
123456
1230
123456
1232
123456
1234
123456
1236
123456
1238
123456
1240
123456
1242
123456
1244
123456
1246
123456
1248
123456
1250
123456
1252
123456
1254
123456
1256
123456
1258
123456
1260
123456
1262
123456
1264
123456
1266
123456
1268
123456
1270
123456
1272
123456
1274
123456
1276
123456
1278
123456
1280
123456
1282
123456
1284
123456
1286
123456
1288
123456
1290
123456
1292
123456
1294
123456
1296
123456
1298
123456
1300
123456
1302
123456
1304
123456
1306
123456
1308
123456
1310
123456
1312
123456
1314
123456
1316
123456
1318
123456
1320
123456
1322
123456
1324
123456
1326
123456
1328
123456
1330
123456
1332
123456
1334
123456
1336
123456
1338
123456
1340
123456
1342
123456
1344
123456
1346
123456
1348
123456
1350
123456
1352
123456
1354
123456
1356
123456
1358
123456
1360
123456
1362
123456
1364
123456
1366
123456
1368
123456
1370
123456
1372
123456
1374
123456
1376
123456
1378
123456
1380
123456
1382
123456
1384
123456
1386
123456
1388
123456
1390
123456
1392
123456
1394
123456
1396
123456
1398
123456
1400
123456
1402
123456
1404
123456
1406
123456
1408
123456
1410
123456
1412
123456
1414
123456
1416
123456
1418
123456
1420
123456
1422
123456
1424
123456
1426
123456
1428
123456
1430
123456
1432
123456
1434
123456
1436
123456
1438
123456
1440
123456
1442
123456
1444
123456
1446
123456
1448
123456
1450
123456
1452
123456
1454
123456
1456
123456
1458
123456
1460
123456
1462
123456
1464
123456
1466
123456
1468
123456
1470
123456
1472
123456
1474
123456
1476
123456
1478
123456
1480
123456
1482
123456
1484
123456
1486
123456
1488
123456
1490
123456
1492
123456
1494
123456
1496
123456
1498
123456
1500
123456
1502
123456
1504
123456
1506
123456
1508
123456
1510
123456
1512
123456
1514
123456
1516
123456
1518
123456
1520
123456
1522
123456
1524
123456
1526
123456
1528
123456
1530
123456
1532
123456
1534
123456
1536
123456
1538
123456
1540
123456
1542
123456
1544
123456
1546
123456
1548
123456
1550
123456
1552
123456
1554
123456
1556
123456
1558
123456
1560
123456
1562
123456
1564
123456
1566
123456
1568
123456
1570
123456
1572
123456
1574
123456
1576
123456
1578
123456
1580
123456
1582
123456
1584
123456
1586
123456
1588
123456
1590
123456
1592
123456
1594
123456
1596
123456
1598
123456
1600
123456
1602
123456
1604
123456
1606
123456
1608
123456
1610
123456
1612
123456
1614
123456
1616
123456
1618
123456
1620
123456
1622
123456
1624
123456
1626
123456
1628
123456
1630
123456
1632
123456
1634
123456
1636
123456
1638
123456
1640
123456
1642
123456
1644
123456
1646
123456
1648
123456
1650
123456
1652
123456
1654
123456
1656
123456
1658
123456
1660
123456
1662
123456
1664
123456
1666
123456
1668
123456
1670
123456
1672
123456
1674
123456
1676
123456
1678
123456
1680
123456
1682
123456
1684
123456
1686
123456
1688
123456
1690
123456
1692
123456
1694
123456
1696
123456
1698
123456
1700
123456
1702
123456
1704
123456
1706
123456
1708
123456
1710
123456
1712
123456
1714
123456
1716
123456
1718
123456
1720
123456
1722
123456
1724
123456
1726
123456
1728
123456
1730
123456
1732
123456
1734
123456
1736
123456
1738
123456
1740
123456
1742
123456
1744
123456
1746
123456
1748
123456
1750
123456
1752
123456
1754
123456
1756
123456
1758
123456
1760
123456
1762
123456
1764
123456
1766
123456
1768
123456
1770
123456
1772
123456
1774
123456
1776
123456
1778
123456
1780
123456
1782
123456
1784
123456
1786
123456
1788
123456
1790
123456
1792
123456
1794
123456
1796
123456
1798
123456
1800
123456
1802
123456
1804
123456
1806
123456
1808
123456
1810
123456
1812
123456
1814
123456
1816
123456
1818
123456
1820
123456
1822
123456
1824
123456
1826
123456
1828
123456
1830
123456
1832
123456
1834
123456
1836
123456
1838
123456
1840
123456
1842
123456
1844
123456
1846
123456
1848
123456
1850
123456
1852
123456
1854
123456
1856
123456
1858
123456
1860
123456
1862
123456
1864
123456
1866
123456
1868
123456
1870
123456
1872
123456
1874
123456
1876
123456
1878
123456
1880
123456
1882
123456
1884
123456
1886
123456
1888
123456
1890
123456
1892
123456
1894
123456
1896
123456
1898
123456
1900
123456
1902
123456
1904
123456
1906
123456
1908
123456
1910
123456
1912
123456
1914
123456
1916
123456
1918
123456
1920
123456
1922
123456
1924
123456
1926
123456
1928
123456
1930
123456
1932
123456
1934
123456
1936
123456
1938
123456
1940
123456
1942
123456
1944
123456
1946
123456
1948
123456
1950
123456
1952
123456
1954
123456
1956
123456
1958
123456
1960
123456
1962
123456
1964
123456
1966
123456
1968
123456
1970
123456
1972
123456
1974
123456
1976
123456
1978
123456
1980
123456
1982
123456
1984
123456
1986
123456
1988
123456
1990
123456
1992
123456
1994
123456
1996
123456
1998
123456
2000
123456
2002
123456
2004
123456
2006
123456
2008
123456
2010
123456
2012
123456
2014
123456
2016
123456
2018
123456
2020
123456
2022
123456
2024
123456
2026
123456
2028
123456
2030
123456
2032
123456
2034
123456
2036
123456
2038
123456
2040
123456
2042
123456
2044
123456
2046
123456
2048
123456
2050
123456
2052
123456
2054
123456
2056
123456
2058
123456
2060
123456
2062
123456
2064
123456
2066
123456
2068
123456
2070
123456
2072
123456
2074
123456
2076
123456
2078
123456
2080
123456
2082
123456
2084
123456
2086
123456
2088
123456
2090
123456
2092
123456
2094
123456
2096
123456
2098
123456
2100
123456
2102
123456
2104
123456
2106
123456
2108
123456
2110
123456
2112
123456
2114
123456
2116
123456
2118
123456
2120
123456
2122
123456
2124
123456
2126
123456
2128
123456
2130
123456
2132
123456
2134
123456
2136
123456
2138
123456
2140
123456
2142
123456
2144
123456
2146
123456
2148
123456
2150
123456
2152
123456
2154
123456
2156
123456
2158
123456
2160
123456
2162
123456
2164
123456
2166
123456
2168
123456
2170
123456
2172
123456
2174
123456
2176
123456
2178
123456
2180
123456
2182
123456
2184
123456
2186
123456
2188
123456
2190
123456
2192
123456
2194
123456
2196
123456
2198
123456
2200
123456
2202
123456
2204
123456
2206
123456
2208
123456
2210
123456
2212
123456
2214
123456
2216
123456
2218
123456
2220
123456
2222
123456
2224
123456
2226
123456
2228
123456
2230
123456
2232
123456
2234
123456
2236
123456
2238
123456
2240
123456
2242
123456
2244
123456
2246
123456
2248
123456
2250
123456
2252
123456
2254
123456
2256
123456
2258
123456
2260
123456
2262
123456
2264
123456
2266
123456
2268
123456
2270
123456
2272
123456
2274
123456
2276
123456
2278
123456
2280
123456
2282
123456
2284
123456
2286
123456
2288
123456
2290
123456
2292
123456
2294
123456
2296
123456
2298
123456
2300
123456
2302
123456
2304
123456
2306
123456
2308
123456
2310
123456
2312
123456
2314
123456
2316
123456
2318
123456
2320
123456
2322
123456
2324
123456
2326
123456
2328
123456
2330
123456
2332
123456
2334
123456
2336
123456
2338
123456
2340
123456
2342
123456
2344
123456
2346
123456
2348
123456
2350
123456
2352
123456
2354
123456
2356
123456
2358
123456
2360
123456
2362
123456
2364
123456
2366
123456
2368
123456
2370
123456
2372
123456
2374
123456
2376
123456
2378
123456
2380
123456
2382
123456
2384
123456
2386
123456
2388
123456
2390
123456
2392
123456
2394
123456
2396
123456
2398
123456
2400
123456
2402
123456
2404
123456
2406
123456
2408
123456
2410
123456
2412
123456
2414
123456
2416
123456
2418
123456
2420
123456
2422
123456
2424
123456
2426
123456
2428
123456
2430
123456
2432
123456
2434
123456
2436
123456
2438
123456
2440
123456
2442
123456
2444
123456
2446
123456
2448
123456
2450
123456
2452
123456
2454
123456
2456
123456
2458
123456
2460
123456
2462
123456
2464
123456
2466
123456
2468
123456
2470
123456
2472
123456
2474
123456
2476
123456
2478
123456
2480
123456
2482
123456
2484
123456
2486
123456
2488
123456
2490
123456
2492
123456
2494
123456
2496
123456
2498
123456
2500
123456
2502
123456
2504
123456
2506
123456
2508
123456
2510
123456
2512
123456
2514
123456
2516
123456
2518
123456
2520
123456
2522
123456
2524
123456
2526
123456
2528
123456
2530
123456
2532
123456
2534
123456
2536
123456
2538
123456
2540
123456
2542
123456
2544
123456
2546
123456
2548
123456
2550
123456
2552
123456
2554
123456
2556
123456
2558
123456
2560
123456
2562
123456
2564
123456
2566
123456
2568
123456
2570
123456
2572
123456
2574
123456
2576
123456
2578
123456
2580
123456
2582
123456
2584
123456
2586
123456
2588
123456
2590
123456
2592
123456
2594
123456
2596
123456
2598
123456
2600
123456
2602
123456
2604
123456
2606
123456
2608
123456
2610
123456
2612
123456
2614
123456
2616
123456
2618
123456
2620
123456
2622
123456
2624
123456
2626
123456
2628
123456
2630
123456
2632
123456
2634
123456
2636
123456
2638
123456
2640
123456
2642
123456
2644
123456
2646
123456
2648
123456
2650
123456
2652
123456
2654
123456
2656
123456
2658
123456
2660
123456
2662
123456
2664
123456
2666
123456
2668
123456
2670
123456
2672
123456
2674
123456
2676
123456
2678
123456
2680
123456
2682
123456
2684
123456
2686
123456
2688
123456
2690
123456
2692
123456
2694
123456
2696
123456
2698
123456
2700
123456
2702
123456
2704
123456
2706
123456
2708
123456
2710
123456
2712
123456
2714
123456
2716
123456
2718
123456
2720
123456
2722
123456
2724
123456
2726
123456
2728
123456
2730
123456
2732
123456
2734
123456
2736
123456
2738
123456
2740
123456
2742
123456
2744
123456
2746
123456
2748
123456
2750
123456
2752
123456
2754
123456
2756
123456
2758
123456
2760
123456
2762
123456
2764
123456
2766
123456
2768
123456
2770
123456
2772
123456
2774
123456
2776
123456
2778
123456
2780
123456
2782
123456
2784
123456
2786
123456
2788
123456
2790
123456
2792
123456
2794
123456
2796
123456
2798
123456
2800
123456
2802
123456
2804
123456
2806
123456
2808
123456
2810
123456
2812
123456
2814
123456
2816
123456
2818
123456
2820
123456
2822
123456
2824
123456
2826
123456
2828
123456
2830
123456
2832
123456
2834
123456
2836
123456
2838
123456
2840
123456
2842
123456
2844
123456
2846
123456
2848
123456
2850
123456
2852
123456
2854
123456
2856
123456
2858
123456
2860
123456
2862
123456
2864
123456
2866
123456
2868
123456
2870
123456
2872
123456
2874
123456
2876
123456
2878
123456
2880
123456
2882
123456
2884
123456
2886
123456
2888
123456
2890
123456
2892
123456
2894
123456
2896
123456
2898
123456
2900
123456
2902
123456
2904
123456
2906
123456
2908
123456
2910
123456
2912
123456
2914
123456
2916
123456
2918
123456
2920
123456
2922
123456
2924
123456
2926
123456
2928
123456
2930
123456
2932
123456
2934
123456
2936
123456
2938
123456
2940
123456
2942
123456
2944
123456
2946
123456
2948
123456
2950
123456
2952
123456
2954
123456
2956
123456
2958
123456
2960
123456
2962
123456
2964
123456
2966
123456
2968
123456
2970
123456
2972
123456
2974
123456
2976
123456
2978
123456
2980
123456
2982
123456
2984
123456
2986
123456
2988
123456
2990
123456
2992
123456
2994
123456
2996
123456
2998
123456
3000
123456
3002
123456
3004
123456
3006
123456
3008
123456
3010
123456
3012
123456
3014
123456
3016
123456
3018
123456
3020
123456
3022
123456
3024
123456
3026
123456
3028
123456
3030
123456
3032
123456
3034
123456
3036
123456
3038
123456
3040
123456
3042
123456
3044
123456
3046
123456
3048
123456
3050
123456
3052
123456
3054
123456
3056
123456
3058
123456
3060
123456
3062
123456
3064
123456
3066
123456
3068
123456
3070
123456
3072
123456
3074
123456
3076
123456
3078
123456
3080
123456
3082
123456
3084
123456
3086
123456
3088
123456
3090
123456
3092
123456
3094
123456
3096
123456
3098
123456
3100
123456
3102
123456
3104
123456
3106
123456
3108
123456
3110
123456
3112
123456
3114
123456
3116
123456
3118
123456
3120
123456
3122
123456
3124
123456
3126
123456
3128
123456
3130
123456
3132
123456
3134
123456
3136
123456
3138
123456
3140
123456
3142
123456
3144
123456
3146
123456
3148
123456
3150
123456
3152
123456
3154
123456
3156
123456
3158
123456
3160
123456
3162
123456
3164
123456
3166
123456
3168
123456
3170
123456
3172
123456
3174
123456
3176
123456
3178
123456
3180
123456
3182
123456
3184
123456
3186
123456
3188
123456
3190
123456
3192
123456
3194
123456
3196
123456
3198
123456
3200
123456
3202
123456
3204
123456
3206
123456
3208
123456
3210
123456
3212
123456
3214
123456
3216
123456
3218
123456
3220
123456
3222
123456
3224
123456
3226
123456
3228
123456
3230
123456
3232
123456
3234
123456
3236
123456
3238
123456
3240
123456
3242
123456
3244
123456
3246
123456
3248
123456
3250
123456
3252
123456
3254
123456
3256
123456
3258
123456
3260
123456
3262
123456
3264
123456
3266
123456
3268
123456
3270
123456
3272
123456
3274
123456
3276
123456
3278
123456
3280
123456
3282
123456
3284
123456
3286
123456
3288
123456
3290
123456
3292
123456
3294
123456
3296
123456
3298
123456
3300
123456
3302
123456
3304
123456
3306
123456
3308
123456
3310
123456
3312
123456
3314
123456
3316
123456
3318
123456
3320
123456
3322
123456
3324
123456
3326
123456
3328
123456
3330
123456
3332
123456
3334
123456
3336
123456
3338
123456
3340
123456
3342
123456
3344
123456
3346
123456
3348
123456
3350
123456
3352
123456
3354
123456
3356
123456
3358
123456
3360
123456
3362
123456
3364
123456
3366
123456
3368
123456
3370
123456
3372
123456
3374
123456
3376
123456
3378
123456
3380
123456
3382
123456
3384
123456
3386
123456
3388
123456
3390
123456
3392
123456
3394
123456
3396
123456
3398
123456
3400
123456
3402
123456
3404
123456
3406
123456
3408
123456
3410
123456
3412
123456
3414
123456
3416
123456
3418
123456
3420
123456
3422
123456
3424
123456
3426
123456
3428
123456
3430
123456
3432
123456
3434
123456
3436
123456
3438
123456
3440
123456
3442
123456
3444
123456
3446
123456
3448
123456
3450
123456
3452
123456
3454
123456
3456
123456
3458
123456
3460
123456
3462
123456
3464
123456
3466
123456
3468
123456
3470
123456
3472
123456
3474
123456
3476
123456
3478
123456
3480
123456
3482
123456
3484
123456
3486
123456
3488
123456
3490
123456
3492
123456
3494
123456
3496
123456
3498
123456
3500
123456
3502
123456
3504
123456
3506
123456
3508
123456
3510
123456
3512
123456
3514
123456
3516
123456
3518
123456
3520
123456
3522
123456
3524
123456
3526
123456
3528
123456
3530
123456
3532
123456
3534
123456
3536
123456
3538
123456
3540
123456
3542
123456
3544
123456
3546
123456
3548
123456
3550
123456
3552
123456
3554
123456
3556
123456
3558
123456
3560
123456
3562
123456
3564
123456
3566
123456
3568
123456
3570
123456
3572
123456
3574
123456
3576
123456
3578
123456
3580
123456
3582
123456
3584
123456
3586
123456
3588
123456
3590
123456
3592
123456
3594
123456
3596
123456
3598
123456
3600
123456
3602
123456
3604
123456
3606
123456
3608
123456
3610
123456
3612
123456
3614
123456
3616
123456
3618
123456
3620
123456
3622
123456
3624
123456
3626
123456
3628
123456
3630
123456
3632
123456
3634
123456
3636
123456
3638
123456
3640
123456
3642
123456
3644
123456
3646
123456
3648
123456
3650
123456
3652
123456
3654
123456
3656
123456
3658
123456
3660
123456
3662
123456
3664
123456
3666
123456
3668
123456
3670
123456
3672
123456
3674
123456
3676
123456
3678
123456
3680
123456
3682
123456
3684
123456
3686
123456
3688
123456
3690
123456
3692
123456
3694
123456
3696
123456
3698
123456
3700
123456
3702
123456
3704
123456
3706
123456
3708
123456
3710
123456
3712
123456
3714
123456
3716
123456
3718
123456
3720
123456
3722
123456
3724
123456
3726
123456
3728
123456
3730
123456
3732
123456
3734
123456
3736
123456
3738
123456
3740
123456
3742
123456
3744
123456
3746
123456
3748
123456
3750
123456
3752
123456
3754
123456
3756
123456
3758
123456
3760
123456
3762
123456
3764
123456
3766
123456
3768
123456
3770
123456
3772
123456
3774
123456
3776
123456
3778
123456
3780
123456
3782
123456
3784
123456
3786
123456
3788
123456
3790
123456
3792
123456
3794
123456
3796
123456
3798
123456
3800
123456
3802
123456
3804
123456
3806
123456
3808
123456
3810
123456
3812
123456
3814
123456
3816
123456
3818
123456
3820
123456
3822
123456
3824
123456
3826
123456
3828
123456
3830
123456
3832
123456
3834
123456
3836
123456
3838
123456
3840
123456
3842
123456
3844
123456
3846
123456
3848
123456
3850
123456
3852
123456
3854
123456
3856
123456
3858
123456
3860
123456
3862
123456
3864
123456
3866
123456
3868
123456
3870
123456
3872
123456
3874
123456
3876
123456
3878
123456
3880
123456
3882
123456
3884
123456
3886
123456
3888
123456
3890
123456
3892
123456
3894
123456
3896
123456
3898
123456
3900
123456
3902
123456
3904
123456
3906
123456
3908
123456
3910
123456
3912
123456
3914
123456
3916
123456
3918
123456
3920
123456
3922
123456
3924
123456
3926
123456
3928
123456
3930
123456
3932
123456
3934
123456
3936
123456
3938
123456
3940
123456
3942
123456
3944
123456
3946
123456
3948
123456
3950
123456
3952
123456
3954
123456
3956
123456
3958
123456
3960
123456
3962
123456
3964
123456
3966
123456
3968
123456
3970
123456
3972
123456
3974
123456
3976
123456
3978
123456
3980
123456
3982
123456
3984
123456
3986
123456
3988
123456
3990
123456
3992
123456
3994
123456
3996
123456
3998
123456
4000
123456
4002
123456
4004
123456
4006
123456
4008
123456
4010
123456
4012
123456
4014
123456
4016
123456
4018
123456
4020
123456
4022
123456
4024
123456
4026
123456
4028
123456
4030
123456
4032
123456
4034
123456
4036
123456
4038
123456
4040
123456
4042
123456
4044
123456
4046
123456
4048
123456
4050
123456
4052
123456
4054
123456
4056
123456
4058
123456
4060
123456
4062
123456
4064
123456
4066
123456
4068
123456
4070
123456
4072
123456
4074
123456
4076
123456
4078
123456
4080
123456
4082
123456
4084
123456
4086
123456
4088
123456
4090
123456
4092
123456
4094
123456
4096
123456
4098
123456
4100
123456
4102
123456
4104
123456
4106
123456
4108
123456
4110
123456
4112
123456
4114
123456
4116
123456
4118
123456
4120
123456
4122
123456
4124
123456
4126
123456
4128
123456
4130
123456
4132
123456
4134
123456
4136
123456
4138
123456
4140
123456
4142
123456
4144
123456
4146
123456
4148
123456
4150
123456
4152
123456
4154
123456
4156
123456
4158
123456
4160
123456
4162
123456
4164
123456
4166
123456
4168
123456
4170
123456
4172
123456
4174
123456
4176
123456
4178
123456
4180
123456
4182
123456
4184
123456
4186
123456
4188
123456
4190
123456
4192
123456
4194
123456
4196
123456
4198
123456
4200
123456
4202
123456
4204
123456
4206
123456
4208
123456
4210
123456
4212
123456
4214
123456
4216
123456
4218
123456
4220
123456
4222
123456
4224
123456
4226
123456
4228
123456
4230
123456
4232
123456
4234
123456
4236
123456
4238
123456
4240
123456
4242
123456
4244
123456
4246
123456
4248
123456
4250
123456
4252
123456
4254
123456
4256
123456
4258
123456
4260
123456
4262
123456
4264
123456
4266
123456
4268
123456
4270
123456
4272
123456
4274
123456
4276
123456
4278
123456
4280
123456
4282
123456
4284
123456
4286
123456
4288
123456
4290
123456
4292
123456
4294
123456
4296
123456
4298
123456
4300
123456
4302
123456
4304
123456
4306
123456
4308
123456
4310
123456
4312
123456
4314
123456
4316
123456
4318
123456
4320
123456
4322
123456
4324
123456
4326
123456
4328
123456
4330
123456
4332
123456
4334
123456
4336
123456
4338
123456
4340
123456
4342
123456
4344
123456
4346
123456
4348
123456
4350
123456
4352
123456
4354
123456
4356
123456
4358
123456
4360
123456
4362
123456
4364
123456
4366
123456
4368
123456
4370
123456
4372
123456
4374
123456
4376
123456
4378
123456
4380
123456
4382
123456
4384
123456
4386
123456
4388
123456
4390
123456
4392
123456
4394
123456
4396
123456
4398
123456
4400
123456
4402
123456
4404
123456
4406
123456
4408
123456
4410
123456
4412
123456
4414
123456
4416
123456
4418
123456
4420
123456
4422
123456
4424
123456
4426
123456
4428
123456
4430
123456
4432
123456
4434
123456
4436
123456
4438
123456
4440
123456
4442
123456
4444
123456
4446
123456
4448
123456
4450
123456
4452
123456
4454
123456
4456
123456
4458
123456
4460
123456
4462
123456
4464
123456
4466
123456
4468
123456
4470
123456
4472
123456
4474
123456
4476
123456
4478
123456
4480
123456
4482
123456
4484
123456
4486
123456
4488
123456
4490
123456
4492
123456
4494
123456
4496
123456
4498
123456
4500
123456
4502
123456
4504
123456
4506
123456
4508
123456
4510
123456
4512
123456
4514
123456
4516
123456
4518
123456
4520
123456
4522
123456
4524
123456
4526
123456
4528
123456
4530
123456
4532
123456
4534
123456
4536
123456
4538
123456
4540
123456
4542
123456
4544
123456
4546
123456
4548
123456
4550
123456
4552
123456
4554
123456
4556
123456
4558
123456
4560
123456
4562
123456
4564
123456
4566
123456
4568
123456
4570
123456
4572
123456
4574
123456
4576
123456
4578
123456
4580
123456
4582
123456
4584
123456
4586
123456
4588
123456
4590
123456
4592
123456
4594
123456
4596
123456
4598
123456
4600
123456
4602
123456
4604
123456
4606
123456
4608
123456
4610
123456
4612
123456
4614
123456
4616
123456
4618
123456
4620
123456
4622
123456
4624
123456
4626
123456
4628
123456
4630
123456
4632
123456
4634
123456
4636
123456
4638
123456
4640
123456
4642
123456
4644
123456
4646
123456
4648
123456
4650
123456
4652
123456
4654
123456
4656
123456
4658
123456
4660
123456
4662
123456
4664
123456
4666
123456
4668
123456
4670
123456
4672
123456
4674
123456
4676
123456
4678
123456
4680
123456
4682
123456
4684
123456
4686
123456
4688
123456
4690
123456
4692
123456
4694
123456
4696
123456
4698
123456
4700
123456
4702
123456
4704
123456
4706
123456
4708
123456
4710
123456
4712
123456
4714
123456
4716
123456
4718
123456
4720
123456
4722
123456
4724
123456
4726
123456
4728
123456
4730
123456
4732
123456
4734
123456
4736
123456
4738
123456
4740
123456
4742
123456
4744
123456
4746
123456
4748
123456
4750
123456
4752
123456
4754
123456
4756
123456
4758
123456
4760
123456
4762
123456
4764
123456
4766
123456
4768
123456
4770
123456
4772
123456
4774
123456
4776
123456
4778
123456
4780
123456
4782
123456
4784
123456
4786
123456
4788
123456
4790
123456
4792
123456
4794
123456
4796
123456
4798
123456
4800
123456
4802
123456
4804
123456
4806
123456
4808
123456
4810
123456
4812
123456
4814
123456
4816
123456
4818
123456
4820
123456
4822
123456
4824
123456
4826
123456
4828
123456
4830
123456
4832
123456
4834
123456
4836
123456
4838
123456
4840
123456
4842
123456
4844
123456
4846
123456
4848
123456
4850
123456
4852
123456
4854
123456
4856
123456
4858
123456
4860
123456
4862
123456
4864
123456
4866
123456
4868
123456
4870
123456
4872
123456
4874
123456
4876
123456
4878
123456
4880
123456
4882
123456
4884
123456
4886
123456
4888
123456
4890
123456
4892
123456
4894
123456
4896
123456
4898
123456
4900
123456
4902
123456
4904
123456
4906
123456
4908
123456
4910
123456
4912
123456
4914
123456
4916
123456
4918
123456
4920
123456
4922
123456
4924
123456
4926
123456
4928
123456
4930
123456
4932
123456
4934
123456
4936
123456
4938
123456
4940
123456
4942
123456
4944
123456
4946
123456
4948
123456
4950
123456
4952
123456
4954
123456
4956
123456
4958
123456
4960
123456
4962
123456
4964
123456
4966
123456
4968
123456
4970
123456
4972
123456
4974
123456
4976
123456
4978
123456
4980
123456
4982
123456
4984
123456
4986
123456
4988
123456
4990
123456
4992
123456
4994
123456
4996
123456
4998
123456
5000
123456
5002
123456
5004
123456
5006
123456
5008
123456
5010
123456
5012
123456
5014
123456
5016
123456
5018
123456
5020
123456
5022
123456
5024
123456
5026
123456
5028
123456
5030
123456
5032
123456
5034
123456
5036
123456
5038
123456
5040
123456
5042
123456
5044
123456
5046
123456
5048
123456
5050
123456
5052
123456
5054
123456
5056
123456
5058
123456
5060
123456
5062
123456
5064
123456
5066
123456
5068
123456
5070
123456
5072
123456
5074
123456
5076
123456
5078
123456
5080
123456
5082
123456
5084
123456
5086
123456
5088
123456
5090
123456
5092
123456
5094
123456
5096
123456
5098
123456
5100
123456
5102
123456
5104
123456
5106
123456
5108
123456
5110
123456
5112
123456
5114
123456
5116
123456
5118
123456
5120
123456
5122
123456
5124
123456
5126
123456
5128
123456
5130
123456
5132
123456
5134
123456
5136
123456
5138
123456
5140
123456
5142
123456
5144
123456
5146
123456
5148
123456
5150
123456
5152
123456
5154
123456
5156
123456
5158
123456
5160
123456
5162
123456
5164
123456
5166
123456
5168
123456
5170
123456
5172
123456
5174
123456
5176
123456
5178
123456
5180
123456
5182
123456
5184
123456
5186
123456
5188
123456
5190
123456
5192
123456
5194
123456
5196
123456
5198
123456
5200
123456
5202
123456
5204
123456
5206
123456
5208
123456
5210
123456
5212
123456
5214
123456
5216
123456
5218
123456
5220
123456
5222
123456
5224
123456
5226
123456
5228
123456
5230
123456
5232
123456
5234
123456
5236
123456
5238
123456
5240
123456
5242
123456
5244
123456
5246
123456
5248
123456
5250
123456
5252
123456
5254
123456
5256
123456
5258
123456
5260
123456
5262
123456
5264
123456
5266
123456
5268
123456
5270
123456
5272
123456
5274
123456
5276
123456
5278
123456
5280
123456
5282
123456
5284
123456
5286
123456
5288
123456
5290
123456
5292
123456
5294
123456
5296
123456
5298
123456
5300
123456
5302
123456
5304
123456
5306
123456
5308
123456
5310
123456
5312
123456
5314
123456
5316
123456
5318
123456
5320
123456
5322
123456
5324
123456
5326
123456
5328
123456
5330
123456
5332
123456
5334
123456
5336
123456
5338
123456
5340
123456
5342
123456
5344
123456
5346
123456
5348
123456
5350
123456
5352
123456
5354
123456
5356
123456
5358
123456
5360
123456
5362
123456
5364
123456
5366
123456
5368
123456
5370
123456
5372
123456
5374
123456
5376
123456
5378
123456
5380
123456
5382
123456
5384
123456
5386
123456
5388
123456
5390
123456
5392
123456
5394
123456
5396
123456
5398
123456
5400
123456
5402
123456
5404
123456
5406
123456
5408
123456
5410
123456
5412
123456
5414
123456
5416
123456
5418
123456
5420
123456
5422
123456
5424
123456
5426
123456
5428
123456
5430
123456
5432
123456
5434
123456
5436
123456
5438
123456
5440
123456
5442
123456
5444
123456
5446
123456
5448
123456
5450
123456
5452
123456
5454
123456
5456
123456
5458
123456
5460
123456
5462
123456
5464
123456
5466
123456
5468
123456
5470
123456
5472
123456
5474
123456
5476
123456
5478
123456
5480
123456
5482
123456
5484
123456
5486
123456
5488
123456
5490
123456
5492
123456
5494
123456
5496
123456
5498
123456
5500
123456
5502
123456
5504
123456
5506
123456
5508
123456
5510
123456
5512
123456
5514
123456
5516
123456
5518
123456
5520
123456
5522
123456
5524
123456
5526
123456
5528
123456
5530
123456
5532
123456
5534
123456
5536
123456
5538
123456
5540
123456
5542
123456
5544
123456
5546
123456
5548
123456
5550
123456
5552
123456
5554
123456
5556
123456
5558
123456
5560
123456
5562
123456
5564
123456
5566
123456
5568
123456
5570
123456
5572
123456
5574
123456
5576
123456
5578
123456
5580
123456
5582
123456
5584
123456
5586
123456
5588
123456
5590
123456
5592
123456
5594
123456
5596
123456
5598
123456
5600
123456
5602
123456
5604
123456
5606
123456
5608
123456
5610
123456
5612
123456
5614
123456
5616
123456
5618
123456
5620
123456
5622
123456
5624
123456
5626
123456
5628
123456
5630
123456
5632
123456
5634
123456
5636
123456
5638
123456
5640
123456
5642
123456
5644
123456
5646
123456
5648
123456
5650
123456
5652
123456
5654
123456
5656
123456
5658
123456
5660
123456
5662
123456
5664
123456
5666
123456
5668
123456
5670
123456
5672
123456
5674
123456
5676
123456
5678
123456
5680
123456
5682
123456
5684
123456
5686
123456
5688
123456
5690
123456
5692
123456
5694
123456
5696
123456
5698
123456
5700
123456
5702
123456
5704
123456
5706
123456
5708
123456
5710
123456
5712
123456
5714
123456
5716
123456
5718
123456
5720
123456
5722
123456
5724
123456
5726
123456
5728
123456
5730
123456
5732
123456
5734
123456
5736
123456
5738
123456
5740
123456
5742
123456
5744
123456
5746
123456
5748
123456
5750
123456
5752
123456
5754
123456
5756
123456
5758
123456
5760
123456
5762
123456
5764
123456
5766
123456
5768
123456
5770
123456
5772
123456
5774
123456
5776
123456
5778
123456
5780
123456
5782
123456
5784
123456
5786
123456
5788
123456
5790
123456
5792
123456
5794
123456
5796
123456
5798
123456
5800
123456
5802
123456
5804
123456
5806
123456
5808
123456
5810
123456
5812
123456
5814
123456
5816
123456
5818
123456
5820
123456
5822
123456
5824
123456
5826
123456
5828
123456
5830
123456
5832
123456
5834
123456
5836
123456
5838
123456
5840
123456
5842
123456
5844
123456
5846
123456
5848
123456
5850
123456
5852
123456
5854
123456
5856
123456
5858
123456
5860
123456
5862
123456
5864
123456
5866
123456
5868
123456
5870
123456
5872
123456
5874
123456
5876
123456
5878
123456
5880
123456
5882
123456
5884
123456
5886
123456
5888
123456
5890
123456
5892
123456
5894
123456
5896
123456
5898
123456
5900
123456
5902
123456
5904
123456
5906
123456
5908
123456
5910
123456
5912
123456
5914
123456
5916
123456
5918
123456
5920
123456
5922
123456
5924
123456
5926
123456
5928
123456
5930
123456
5932
123456
5934
123456
5936
123456
5938
123456
5940
123456
5942
123456
5944
123456
5946
123456
5948
123456
5950
123456
5952
123456
5954
123456
5956
123456
5958
123456
5960
123456
5962
123456
5964
123456
5966
123456
5968
123456
5970
123456
5972
123456
5974
123456
5976
123456
5978
123456
5980
123456
5982
123456
5984
123456
5986
123456
5988
123456
5990
123456
5992
123456
5994
123456
5996
123456
5998
123456
6000
123456
6002
123456
6004
123456
6006
123456
6008
123456
6010
123456
6012
123456
6014
123456
6016
123456
6018
123456
6020
123456
6022
123456
6024
123456
6026
123456
6028
123456
6030
123456
6032
123456
6034
123456
6036
123456
6038
123456
6040
123456
6042
123456
6044
123456
6046
123456
6048
123456
6050
123456
6052
123456
6054
123456
6056
123456
6058
123456
6060
123456
6062
123456
6064
123456
6066
123456
6068
123456
6070
123456
6072
123456
6074
123456
6076
123456
6078
123456
6080
123456
6082
123456
6084
123456
6086
123456
6088
123456
6090
123456
6092
123456
6094
123456
6096
123456
6098
123456
6100
123456
6102
123456
6104
123456
6106
123456
6108
123456
6110
123456
6112
123456
6114
123456
6116
123456
6118
123456
6120
123456
6122
123456
6124
123456
6126
123456
6128
123456
6130
123456
6132
123456
6134
123456
6136
123456
6138
123456
6140
123456
6142
123456
6144
123456
6146
123456
6148
123456
6150
123456
6152
123456
6154
123456
6156
123456
6158
123456
6160
123456
6162
123456
6164
123456
6166
123456
6168
123456
6170
123456
6172
123456
6174
123456
6176
123456
6178
123456
6180
123456
6182
123456
6184
123456
6186
123456
6188
123456
6190
123456
6192
123456
6194
123456
6196
123456
6198
123456
6200
123456
6202
123456
6204
123456
6206
123456
6208
123456
6210
123456
6212
123456
6214
123456
6216
123456
6218
123456
6220
123456
6222
123456
6224
123456
6226
123456
6228
123456
6230
123456
6232
123456
6234
123456
6236
123456
6238
123456
6240
123456
6242
123456
6244
123456
6246
123456
6248
123456
6250
123456
6252
123456
6254
123456
6256
123456
6258
123456
6260
123456
6262
123456
6264
123456
6266
123456
6268
123456
6270
123456
6272
123456
6274
123456
6276
123456
6278
123456
6280
123456
6282
123456
6284
123456
6286
123456
6288
123456
6290
123456
6292
123456
6294
123456
6296
123456
6298
123456
6300
123456
6302
123456
6304
123456
6306
123456
6308
123456
6310
123456
6312
123456
6314
123456
6316
123456
6318
123456
6320
123456
6322
123456
6324
123456
6326
123456
6328
123456
6330
123456
6332
123456
6334
123456
6336
123456
6338
123456
6340
123456
6342
123456
6344
123456
6346
123456
6348
123456
6350
123456
6352
123456
6354
123456
6356
123456
6358
123456
6360
123456
6362
123456
6364
123456
6366
123456
6368
123456
6370
123456
6372
123456
6374
123456
6376
123456
6378
123456
6380
123456
6382
123456
6384
123456
6386
123456
6388
123456
6390
123456
6392
123456
6394
123456
6396
123456
6398
123456
6400
123456
6402
123456
6404
123456
6406
123456
6408
123456
6410
123456
6412
123456
6414
123456
6416
123456
6418
123456
6420
123456
6422
123456
6424
123456
6426
123456
6428
123456
6430
123456
6432
123456
6434
123456
6436
123456
6438
123456
6440
123456
6442
123456
6444
123456
6446
123456
6448
123456
6450
123456
6452
123456
6454
123456
6456
123456
6458
123456
6460
123456
6462
123456
6464
123456
6466
123456
6468
123456
6470
123456
6472
123456
6474
123456
6476
123456
6478
123456
6480
123456
6482
123456
6484
123456
6486
123456
6488
123456
6490
123456
6492
123456
6494
123456
6496
123456
6498
123456
6500
123456
6502
123456
6504
123456
6506
123456
6508
123456
6510
123456
6512
123456
6514
123456
6516
123456
6518
123456
6520
123456
6522
123456
6524
123456
6526
123456
6528
123456
6530
123456
6532
123456
6534
123456
6536
123456
6538
123456
6540
123456
6542
123456
6544
123456
6546
123456
6548
123456
6550
123456
6552
123456
6554
123456
6556
123456
6558
123456
6560
123456
6562
123456
6564
123456
6566
123456
6568
123456
6570
123456
6572
123456
6574
123456
6576
123456
6578
123456
6580
123456
6582
123456
6584
123456
6586
123456
6588
123456
6590
123456
6592
123456
6594
123456
6596
123456
6598
123456
6600
123456
6602
123456
6604
123456
6606
123456
6608
123456
6610
123456
6612
123456
6614
123456
6616
123456
6618
123456
6620
123456
6622
123456
6624
123456
6626
123456
6628
123456
6630
123456
6632
123456
6634
123456
6636
123456
6638
123456
6640
123456
6642
123456
6644
123456
6646
123456
6648
123456
6650
123456
6652
123456
6654
123456
6656
123456
6658
123456
6660
123456
6662
123456
6664
123456
6666
123456
6668
123456
6670
123456
6672
123456
6674
123456
6676
123456
6678
123456
6680
123456
6682
123456
6684
123456
6686
123456
6688
123456
6690
123456
6692
123456
6694
123456
6696
123456
6698
123456
6700
123456
6702
123456
6704
123456
6706
123456
6708
123456
6710
123456
6712
123456
6714
123456
6716
123456
6718
123456
6720
123456
6722
123456
6724
123456
6726
123456
6728
123456
6730
123456
6732
123456
6734
123456
6736
123456
6738
123456
6740
123456
6742
123456
6744
123456
6746
123456
6748
123456
6750
123456
6752
123456
6754
123456
6756
123456
6758
123456
6760
123456
6762
123456
6764
123456
6766
123456
6768
123456
6770
123456
6772
123456
6774
123456
6776
123456
6778
123456
6780
123456
6782
123456
6784
123456
6786
123456
6788
123456
6790
123456
6792
123456
6794
123456
6796
123456
6798
123456
6800
123456
6802
123456
6804
123456
6806
123456
6808
123456
6810
123456
6812
123456
6814
123456
6816
123456
6818
123456
6820
123456
6822
123456
6824
123456
6826
123456
6828
123456
6830
123456
6832
123456
6834
123456
6836
123456
6838
123456
6840
123456
6842
123456
6844
123456
6846
123456
6848
123456
6850
123456
6852
123456
6854
123456
6856
123456
6858
123456
6860
123456
6862
123456
6864
123456
6866
123456
6868
123456
6870
123456
6872
123456
6874
123456
6876
123456
6878
123456
6880
123456
6882
123456
6884
123456
6886
123456
6888
123456
6890
123456
6892
123456
6894
123456
6896
123456
6898
123456
6900
123456
6902
123456
6904
123456
6906
123456
6908
123456
6910
123456
6912
123456
6914
123456
6916
123456
6918
123456
6920
123456
6922
123456
6924
123456
6926
123456
6928
123456
6930
123456
6932
123456
6934
123456
6936
123456
6938
123456
6940
123456
6942
123456
6944
123456
6946
123456
6948
123456
6950
123456
6952
123456
6954
123456
6956
123456
6958
123456
6960
123456
6962
123456
6964
123456
6966
123456
6968
123456
6970
123456
6972
123456
6974
123456
6976
123456
6978
123456
6980
123456
6982
123456
6984
123456
6986
123456
6988
123456
6990
123456
6992
123456
6994
123456
6996
123456
6998
123456
7000
123456
7002
123456
7004
123456
7006
123456
7008
123456
7010
123456
7012
123456
7014
123456
7016
123456
7018
123456
7020
123456
7022
123456
7024
123456
7026
123456
7028
123456
7030
123456
7032
123456
7034
123456
7036
123456
7038
123456
7040
123456
7042
123456
7044
123456
7046
123456
7048
123456
7050
123456
7052
123456
7054
123456
7056
123456
7058
123456
7060
123456
7062
123456
7064
123456
7066
123456
7068
123456
7070
123456
7072
123456
7074
123456
7076
123456
7078
123456
7080
123456
7082
123456
7084
123456
7086
123456
7088
123456
7090
123456
7092
123456
7094
123456
7096
123456
7098
123456
7100
123456
7102
123456
7104
123456
7106
123456
7108
123456
7110
123456
7112
123456
7114
123456
7116
123456
7118
123456
7120
123456
7122
123456
7124
123456
7126
123456
7128
123456
7130
123456
7132
123456
7134
123456
7136
123456
7138
123456
7140
123456
7142
123456
7144
123456
7146
123456
7148
123456
7150
123456
7152
123456
7154
123456
7156
123456
7158
123456
7160
123456
7162
123456
7164
123456
7166
123456
7168
123456
7170
123456
7172
123456
7174
123456
7176
123456
7178
123456
7180
123456
7182
123456
7184
123456
7186
123456
7188
123456
7190
123456
7192
123456
7194
123456
7196
123456
7198
123456
7200
123456
7202
123456
7204
123456
7206
123456
7208
123456
7210
123456
7212
123456
7214
123456
7216
123456
7218
123456
7220
123456
7222
123456
7224
123456
7226
123456
7228
123456
7230
123456
7232
123456
7234
123456
7236
123456
7238
123456
7240
123456
7242
123456
7244
123456
7246
123456
7248
123456
7250
123456
7252
123456
7254
123456
7256
123456
7258
123456
7260
123456
7262
123456
7264
123456
7266
123456
7268
123456
7270
123456
7272
123456
7274
123456
7276
123456
7278
123456
7280
123456
7282
123456
7284
123456
7286
123456
7288
123456
7290
123456
7292
123456
7294
123456
7296
123456
7298
123456
7300
123456
7302
123456
7304
123456
7306
123456
7308
123456
7310
123456
7312
123456
7314
123456
7316
123456
7318
123456
7320
123456
7322
123456
7324
123456
7326
123456
7328
123456
7330
123456
7332
123456
7334
123456
7336
123456
7338
123456
7340
123456
7342
123456
7344
123456
7346
123456
7348
123456
7350
123456
7352
123456
7354
123456
7356
123456
7358
123456
7360
123456
7362
123456
7364
123456
7366
123456
7368
123456
7370
123456
7372
123456
7374
123456
7376
123456
7378
123456
7380
123456
7382
123456
7384
123456
7386
123456
7388
123456
7390
123456
7392
123456
7394
123456
7396
123456
7398
123456
7400
123456
7402
123456
7404
123456
7406
123456
7408
123456
7410
123456
7412
123456
7414
123456
7416
123456
7418
123456
7420
123456
7422
123456
7424
123456
7426
123456
7428
123456
7430
123456
7432
123456
7434
123456
7436
123456
7438
123456
7440
123456
7442
123456
7444
123456
7446
123456
7448
123456
7450
123456
7452
123456
7454
123456
7456
123456
7458
123456
7460
123456
7462
123456
7464
123456
7466
123456
7468
123456
7470
123456
7472
123456
7474
123456
7476
123456
7478
123456
7480
123456
7482
123456
7484
123456
7486
123456
7488
123456
7490
123456
7492
123456
7494
123456
7496
123456
7498
123456
7500
123456
7502
123456
7504
123456
7506
123456
7508
123456
7510
123456
7512
123456
7514
123456
7516
123456
7518
123456
7520
123456
7522
123456
7524
123456
7526
123456
7528
123456
7530
123456
7532
123456
7534
123456
7536
123456
7538
123456
7540
123456
7542
123456
7544
123456
7546
123456
7548
123456
7550
123456
7552
123456
7554
123456
7556
123456
7558
123456
7560
123456
7562
123456
7564
123456
7566
123456
7568
123456
7570
123456
7572
123456
7574
123456
7576
123456
7578
123456
7580
123456
7582
123456
7584
123456
7586
123456
7588
123456
7590
123456
7592
123456
7594
123456
7596
123456
7598
123456
7600
123456
7602
123456
7604
123456
7606
123456
7608
123456
7610
123456
7612
123456
7614
123456
7616
123456
7618
123456
7620
123456
7622
123456
7624
123456
7626
123456
7628
123456
7630
123456
7632
123456
7634
123456
7636
123456
7638
123456
7640
123456
7642
123456
7644
123456
7646
123456
7648
123456
7650
123456
7652
123456
7654
123456
7656
123456
7658
123456
7660
123456
7662
123456
7664
123456
7666
123456
7668
123456
7670
123456
7672
123456
7674
123456
7676
123456
7678
123456
7680
123456
7682
123456
7684
123456
7686
123456
7688
123456
7690
123456
7692
123456
7694
123456
7696
123456
7698
123456
7700
123456
7702
123456
7704
123456
7706
123456
7708
123456
7710
123456
7712
123456
7714
123456
7716
123456
7718
123456
7720
123456
7722
123456
7724
123456
7726
123456
7728
123456
7730
123456
7732
123456
7734
123456
7736
123456
7738
123456
7740
123456
7742
123456
7744
123456
7746
123456
7748
123456
7750
123456
7752
123456
7754
123456
7756
123456
7758
123456
7760
123456
7762
123456
7764
123456
7766
123456
7768
123456
7770
123456
7772
123456
7774
123456
7776
123456
7778
123456
7780
123456
7782
123456
7784
123456
7786
123456
7788
123456
7790
123456
7792
123456
7794
123456
7796
123456
7798
123456
7800
123456
7802
123456
7804
123456
7806
123456
7808
123456
7810
123456
7812
123456
7814
123456
7816
123456
7818
123456
7820
123456
7822
123456
7824
123456
7826
123456
7828
123456
7830
123456
7832
123456
7834
123456
7836
123456
7838
123456
7840
123456
7842
123456
7844
123456
7846
123456
7848
123456
7850
123456
7852
123456
7854
123456
7856
123456
7858
123456
7860
123456
7862
123456
7864
123456
7866
123456
7868
123456
7870
123456
7872
123456
7874
123456
7876
123456
7878
123456
7880
123456
7882
123456
7884
123456
7886
123456
7888
123456
7890
123456
7892
123456
7894
123456
7896
123456
7898
123456
7900
123456
7902
123456
7904
123456
7906
123456
7908
123456
7910
123456
7912
123456
7914
123456
7916
123456
7918
123456
7920
123456
7922
123456
7924
123456
7926
123456
7928
123456
7930
123456
7932
123456
7934
123456
7936
123456
7938
123456
7940
123456
7942
123456
7944
123456
7946
123456
7948
123456
7950
123456
7952
123456
7954
123456
7956
123456
7958
123456
7960
123456
7962
123456
7964
123456
7966
123456
7968
123456
7970
123456
7972
123456
7974
123456
7976
123456
7978
123456
7980
123456
7982
123456
7984
123456
7986
123456
7988
123456
7990
123456
7992
123456
7994
123456
7996
123456
7998
123456
8000
123456
8002
123456
8004
123456
8006
123456
8008
123456
8010
123456
8012
123456
8014
123456
8016
123456
8018
123456
8020
123456
8022
123456
8024
123456
8026
123456
8028
123456
8030
123456
8032
123456
8034
123456
8036
123456
8038
123456
8040
123456
8042
123456
8044
123456
8046
123456
8048
123456
8050
123456
8052
123456
8054
123456
8056
123456
8058
123456
8060
123456
8062
123456
8064
123456
8066
123456
8068
123456
8070
123456
8072
123456
8074
123456
8076
123456
8078
123456
8080
123456
8082
123456
8084
123456
8086
123456
8088
123456
8090
123456
8092
123456
8094
123456
8096
123456
8098
123456
8100
123456
8102
123456
8104
123456
8106
123456
8108
123456
8110
123456
8112
123456
8114
123456
8116
123456
8118
123456
8120
123456
8122
123456
8124
123456
8126
123456
8128
123456
8130
123456
8132
123456
8134
123456
8136
123456
8138
123456
8140
123456
8142
123456
8144
123456
8146
123456
8148
123456
8150
123456
8152
123456
8154
123456
8156
123456
8158
123456
8160
123456
8162
123456
8164
123456
8166
123456
8168
123456
8170
123456
8172
123456
8174
123456
8176
123456
8178
123456
8180
123456
8182
123456
8184
123456
8186
123456
8188
123456
8190
123456
8192
123456
8194
123456
8196
123456
8198
123456
8200
123456
8202
123456
8204
123456
8206
123456
8208
123456
8210
123456
8212
123456
8214
123456
8216
123456
8218
123456
8220
123456
8222
123456
8224
123456
8226
123456
8228
123456
8230
123456
8232
123456
8234
123456
8236
123456
8238
123456
8240
123456
8242
123456
8244
123456
8246
123456
8248
123456
8250
123456
8252
123456
8254
123456
8256
123456
8258
123456
8260
123456
8262
123456
8264
123456
8266
123456
8268
123456
8270
123456
8272
123456
8274
123456
8276
123456
8278
123456
8280
123456
8282
123456
8284
123456
8286
123456
8288
123456
8290
123456
8292
123456
8294
123456
8296
123456
8298
123456
8300
123456
8302
123456
8304
123456
8306
123456
8308
123456
8310
123456
8312
123456
8314
123456
8316
123456
8318
123456
8320
123456
8322
123456
8324
123456
8326
123456
8328
123456
8330
123456
8332
123456
8334
123456
8336
123456
8338
123456
8340
123456
8342
123456
8344
123456
8346
123456
8348
123456
8350
123456
8352
123456
8354
123456
8356
123456
8358
123456
8360
123456
8362
123456
8364
123456
8366
123456
8368
123456
8370
123456
8372
123456
8374
123456
8376
123456
8378
123456
8380
123456
8382
123456
8384
123456
8386
123456
8388
123456
8390
123456
8392
123456
8394
123456
8396
123456
8398
123456
8400
123456
8402
123456
8404
123456
8406
123456
8408
123456
8410
123456
8412
123456
8414
123456
8416
123456
8418
123456
8420
123456
8422
123456
8424
123456
8426
123456
8428
123456
8430
123456
8432
123456
8434
123456
8436
123456
8438
123456
8440
123456
8442
123456
8444
123456
8446
123456
8448
123456
8450
123456
8452
123456
8454
123456
8456
123456
8458
123456
8460
123456
8462
123456
8464
123456
8466
123456
8468
123456
8470
123456
8472
123456
8474
123456
8476
123456
8478
123456
8480
123456
8482
123456
8484
123456
8486
123456
8488
123456
8490
123456
8492
123456
8494
123456
8496
123456
8498
123456
8500
123456
8502
123456
8504
123456
8506
123456
8508
123456
8510
123456
8512
123456
8514
123456
8516
123456
8518
123456
8520
123456
8522
123456
8524
123456
8526
123456
8528
123456
8530
123456
8532
123456
8534
123456
8536
123456
8538
123456
8540
123456
8542
123456
8544
123456
8546
123456
8548
123456
8550
123456
8552
123456
8554
123456
8556
123456
8558
123456
8560
123456
8562
123456
8564
123456
8566
123456
8568
123456
8570
123456
8572
123456
8574
123456
8576
123456
8578
123456
8580
123456
8582
123456
8584
123456
8586
123456
8588
123456
8590
123456
8592
123456
8594
123456
8596
123456
8598
123456
8600
123456
8602
123456
8604
123456
8606
123456
8608
123456
8610
123456
8612
123456
8614
123456
8616
123456
8618
123456
8620
123456
8622
123456
8624
123456
8626
123456
8628
123456
8630
123456
8632
123456
8634
123456
8636
123456
8638
123456
8640
123456
8642
123456
8644
123456
8646
123456
8648
123456
8650
123456
8652
123456
8654
123456
8656
123456
8658
123456
8660
123456
8662
123456
8664
123456
8666
123456
8668
123456
8670
123456
8672
123456
8674
123456
8676
123456
8678
123456
8680
123456
8682
123456
8684
123456
8686
123456
8688
123456
8690
123456
8692
123456
8694
123456
8696
123456
8698
123456
8700
123456
8702
123456
8704
123456
8706
123456
8708
123456
8710
123456
8712
123456
8714
123456
8716
123456
8718
123456
8720
123456
8722
123456
8724
123456
8726
123456
8728
123456
8730
123456
8732
123456
8734
123456
8736
123456
8738
123456
8740
123456
8742
123456
8744
123456
8746
123456
8748
123456
8750
123456
8752
123456
8754
123456
8756
123456
8758
123456
8760
123456
8762
123456
8764
123456
8766
123456
8768
123456
8770
123456
8772
123456
8774
123456
8776
123456
8778
123456
8780
123456
8782
123456
8784
123456
8786
123456
8788
123456
8790
123456
8792
123456
8794
123456
8796
123456
8798
123456
8800
123456
8802
123456
8804
123456
8806
123456
8808
123456
8810
123456
8812
123456
8814
123456
8816
123456
8818
123456
8820
123456
8822
123456
8824
123456
8826
123456
8828
123456
8830
123456
8832
123456
8834
123456
8836
123456
8838
123456
8840
123456
8842
123456
8844
123456
8846
123456
8848
123456
8850
123456
8852
123456
8854
123456
8856
123456
8858
123456
8860
123456
8862
123456
8864
123456
8866
123456
8868
123456
8870
123456
8872
123456
8874
123456
8876
123456
8878
123456
8880
123456
8882
123456
8884
123456
8886
123456
8888
123456
8890
123456
8892
123456
8894
123456
8896
123456
8898
123456
8900
123456
8902
123456
8904
123456
8906
123456
8908
123456
8910
123456
8912
123456
8914
123456
8916
123456
8918
123456
8920
123456
8922
123456
8924
123456
8926
123456
8928
123456
8930
123456
8932
123456
8934
123456
8936
123456
8938
123456
8940
123456
8942
123456
8944
123456
8946
123456
8948
123456
8950
123456
8952
123456
8954
123456
8956
123456
8958
123456
8960
123456
8962
123456
8964
123456
8966
123456
8968
123456
8970
123456
8972
123456
8974
123456
8976
123456
8978
123456
8980
123456
8982
123456
8984
123456
8986
123456
8988
123456
8990
123456
8992
123456
8994
123456
8996
123456
8998
123456
9000
123456
9002
123456
9004
123456
9006
123456
9008
123456
9010
123456
9012
123456
9014
123456
9016
123456
9018
123456
9020
123456
9022
123456
9024
123456
9026
123456
9028
123456
9030
123456
9032
123456
9034
123456
9036
123456
9038
123456
9040
123456
9042
123456
9044
123456
9046
123456
9048
123456
9050
123456
9052
123456
9054
123456
9056
123456
9058
123456
9060
123456
9062
123456
9064
123456
9066
123456
9068
123456
9070
123456
9072
123456
9074
123456
9076
123456
9078
123456
9080
123456
9082
123456
9084
123456
9086
123456
9088
123456
9090
123456
9092
123456
9094
123456
9096
123456
9098
123456
9100
123456
9102
123456
9104
123456
9106
123456
9108
123456
9110
123456
9112
123456
9114
123456
9116
123456
9118
123456
9120
123456
9122
123456
9124
123456
9126
123456
9128
123456
9130
123456
9132
123456
9134
123456
9136
123456
9138
123456
9140
123456
9142
123456
9144
123456
9146
123456
9148
123456
9150
123456
9152
123456
9154
123456
9156
123456
9158
123456
9160
123456
9162
123456
9164
123456
9166
123456
9168
123456
9170
123456
9172
123456
9174
123456
9176
123456
9178
123456
9180
123456
9182
123456
9184
123456
9186
123456
9188
123456
9190
123456
9192
123456
9194
123456
9196
123456
9198
123456
9200
123456
9202
123456
9204
123456
9206
123456
9208
123456
9210
123456
9212
123456
9214
123456
9216
123456
9218
123456
9220
123456
9222
123456
9224
123456
9226
123456
9228
123456
9230
123456
9232
123456
9234
123456
9236
123456
9238
123456
9240
123456
9242
123456
9244
123456
9246
123456
9248
123456
9250
123456
9252
123456
9254
123456
9256
123456
9258
123456
9260
123456
9262
123456
9264
123456
9266
123456
9268
123456
9270
123456
9272
123456
9274
123456
9276
123456
9278
123456
9280
123456
9282
123456
9284
123456
9286
123456
9288
123456
9290
123456
9292
123456
9294
123456
9296
123456
9298
123456
9300
123456
9302
123456
9304
123456
9306
123456
9308
123456
9310
123456
9312
123456
9314
123456
9316
123456
9318
123456
9320
123456
9322
123456
9324
123456
9326
123456
9328
123456
9330
123456
9332
123456
9334
123456
9336
123456
9338
123456
9340
123456
9342
123456
9344
123456
9346
123456
9348
123456
9350
123456
9352
123456
9354
123456
9356
123456
9358
123456
9360
123456
9362
123456
9364
123456
9366
123456
9368
123456
9370
123456
9372
123456
9374
123456
9376
123456
9378
123456
9380
123456
9382
123456
9384
123456
9386
123456
9388
123456
9390
123456
9392
123456
9394
123456
9396
123456
9398
123456
9400
123456
9402
123456
9404
123456
9406
123456
9408
123456
9410
123456
9412
123456
9414
123456
9416
123456
9418
123456
9420
123456
9422
123456
9424
123456
9426
123456
9428
123456
9430
123456
9432
123456
9434
123456
9436
123456
9438
123456
9440
123456
9442
123456
9444
123456
9446
123456
9448
123456
9450
123456
9452
123456
9454
123456
9456
123456
9458
123456
9460
123456
9462
123456
9464
123456
9466
123456
9468
123456
9470
123456
9472
123456
9474
123456
9476
123456
9478
123456
9480
123456
9482
123456
9484
123456
9486
123456
9488
123456
9490
123456
9492
123456
9494
123456
9496
123456
9498
123456
9500
123456
9502
123456
9504
123456
9506
123456
9508
123456
9510
123456
9512
123456
9514
123456
9516
123456
9518
123456
9520
123456
9522
123456
9524
123456
9526
123456
9528
123456
9530
123456
9532
123456
9534
123456
9536
123456
9538
123456
9540
123456
9542
123456
9544
123456
9546
123456
9548
123456
9550
123456
9552
123456
9554
123456
9556
123456
9558
123456
9560
123456
9562
123456
9564
123456
9566
123456
9568
123456
9570
123456
9572
123456
9574
123456
9576
123456
9578
123456
9580
123456
9582
123456
9584
123456
9586
123456
9588
123456
9590
123456
9592
123456
9594
123456
9596
123456
9598
123456
9600
123456
9602
123456
9604
123456
9606
123456
9608
123456
9610
123456
9612
123456
9614
123456
9616
123456
9618
123456
9620
123456
9622
123456
9624
123456
9626
123456
9628
123456
9630
123456
9632
123456
9634
123456
9636
123456
9638
123456
9640
123456
9642
123456
9644
123456
9646
123456
9648
123456
9650
123456
9652
123456
9654
123456
9656
123456
9658
123456
9660
123456
9662
123456
9664
123456
9666
123456
9668
123456
9670
123456
9672
123456
9674
123456
9676
123456
9678
123456
9680
123456
9682
123456
9684
123456
9686
123456
9688
123456
9690
123456
9692
123456
9694
123456
9696
123456
9698
123456
9700
123456
9702
123456
9704
123456
9706
123456
9708
123456
9710
123456
9712
123456
9714
123456
9716
123456
9718
123456
9720
123456
9722
123456
9724
123456
9726
123456
9728
123456
9730
123456
9732
123456
9734
123456
9736
123456
9738
123456
9740
123456
9742
123456
9744
123456
9746
123456
9748
123456
9750
123456
9752
123456
9754
123456
9756
123456
9758
123456
9760
123456
9762
123456
9764
123456
9766
123456
9768
123456
9770
123456
9772
123456
9774
123456
9776
123456
9778
123456
9780
123456
9782
123456
9784
123456
9786
123456
9788
123456
9790
123456
9792
123456
9794
123456
9796
123456
9798
123456
9800
123456
9802
123456
9804
123456
9806
123456
9808
123456
9810
123456
9812
123456
9814
123456
9816
123456
9818
123456
9820
123456
9822
123456
9824
123456
9826
123456
9828
123456
9830
123456
9832
123456
9834
123456
9836
123456
9838
123456
9840
123456
9842
123456
9844
123456
9846
123456
9848
123456
9850
123456
9852
123456
9854
123456
9856
123456
9858
123456
9860
123456
9862
123456
9864
123456
9866
123456
9868
123456
9870
123456
9872
123456
9874
123456
9876
123456
9878
123456
9880
123456
9882
123456
9884
123456
9886
123456
9888
123456
9890
123456
9892
123456
9894
123456
9896
123456
9898
123456
9900
123456
9902
123456
9904
123456
9906
123456
9908
123456
9910
123456
9912
123456
9914
123456
9916
123456
9918
123456
9920
123456
9922
123456
9924
123456
9926
123456
9928
123456
9930
123456
9932
123456
9934
123456
9936
123456
9938
123456
9940
123456
9942
123456
9944
123456
9946
123456
9948
123456
9950
123456
9952
123456
9954
123456
9956
123456
9958
123456
9960
123456
9962
123456
9964
123456
9966
123456
9968
123456
9970
123456
9972
123456
9974
123456
9976
123456
9978
123456
9980
123456
9982
123456
9984
123456
9986
123456
9988
123456
9990
123456
9992
123456
9994
123456
9996
123456
9998
123456
