7344441
7720300
3332272
6793619
5332134
5476447
4957544
7576207
3372541
9689199
2866485
7982705
9811268
8613781
9264917
8483103
9697172
1324758
7011357
9735393
6578248
9352502
7029953
2317925
2452385
5318922
6077506
4958684
8363066
4517419
6100148
5111043
5420258
4105415
7624363
5165244
3598619
7236753
4686594
2891482
2602798
9466968
8741383
1091772
9584809
5834998
6878022
6193296
2055479
5745887
7620081
6187897
7788570
5149401
2771561
7950667
5241095
5683274
9022379
1103219
3090781
5588205
9931802
4359028
1750468
3020319
1909348
3918988
6588190
4622038
1866132
1903733
4721517
8074160
4038004
7763911
7896513
5448297
3807453
3463418
4069723
2441127
3907165
9410634
2015652
8813424
7124227
6455731
9667587
8793339
1788553
4505116
5637087
8622756
7543519
8279632
9990257
2761848
1590672
4670695
1806468
4986416
5734483
1616003
6060876
5643003
2226993
7227510
2671009
4303412
2666381
7485569
6055894
3582579
6655893
9013304
2228282
6902463
3634884
2145921
3819243
2598753
6409233
7923003
1571217
7962260
7900343
6257850
8894910
8202200
4177954
9078065
2275808
3855333
6747827
3031273
7632033
1994621
4339504
7424365
1081371
9390426
9357835
5140040
7104251
4026823
8828429
4948262
8926513
3609611
8456223
8016344
8429009
4858368
8258101
4122675
5362569
8992001
1918296
1108568
4381439
6453185
2508942
3192589
3485255
6191097
4239143
4918346
4508670
1947449
8375207
7520081
4317766
1741088
7080843
2925044
5492638
1958119
8869434
7806330
7923932
5020119
9602377
8723100
4346442
8998171
5180139
5807274
3331931
4317232
1865012
3309451
3470856
4342072
5541000
2651041
9117004
4142126
5964260
7987851
5562808
4938100
8914952
8303940
7767731
9085769
9015424
2895529
9662034
2697750
6260814
6823063
2842768
3690279
5315446
3973810
6617450
9316087
1501798
2307843
5329306
7885732
6826495
8179257
6794413
4440833
4780996
8448336
3003779
1756106
9015198
7481807
4582115
9114738
1189385
3605611
8630457
3975193
5101215
4549129
9620077
2937690
5389567
1435425
4063648
3963008
4513626
4300734
7365509
8981144
6047898
1743394
3854362
6511457
2720174
2194310
8882370
8037792
9317430
3164414
7862721
9529680
3816840
7434939
1706771
8742903
8254109
9052267
9393641
9239572
5076700
1492283
1390465
9754869
2634048
7581628
3035361
9638053
3866536
6696675
8896047
8797761
9070587
8392299
4354416
5639211
3825013
9766741
9271451
2080920
3007315
6837903
9678425
6471109
3654423
2669683
3666076
9600199
3784312
2940646
2456921
2330751
9644778
5184289
5086563
4049771
5246981
5067724
4424805
8509722
9919444
6437254
5889724
4215352
3119613
5369665
6834223
9797831
4406984
5611851
2721868
3579887
1912461
3130279
2476960
4613932
3473663
2011994
5850962
3232485
8296079
1900481
4741788
7452701
8702718
2010591
3834663
7249282
6875138
9579253
9594243
6579363
5361044
1576650
1433344
6135743
4341012
4712266
6904939
8843448
1247130
9609931
6122216
8528807
1530778
1783978
9134569
7912777
8375219
9822612
8317064
2649878
8150676
4091105
2873223
1771250
1927371
8303194
3870497
2433852
5006572
6308699
5049548
8233477
5340122
5498900
7721422
8514971
2266165
5736745
1432313
6473027
1363104
7322618
1922181
8124228
2636717
5821948
2642760
3557472
7414504
8101958
5460180
8335198
8887421
1803880
2053485
1248642
3810310
2304758
6067173
2179871
7538165
5842466
5150359
1096579
8991195
9528199
4366460
8730192
5512915
4772674
6173101
9946218
5149645
4905595
3900277
7249100
8753210
5492098
4924434
8832821
8514065
8008596
5687689
9823041
8372221
7146876
8573027
5557330
8048227
8916310
7505543
6408109
4205331
7500143
2758517
5816993
5427274
3241928
6125148
3290017
5428001
6685241
4043417
6528435
9163479
8257587
3877646
6604801
5200054
6469534
3557338
1749517
7714020
6467681
6762362
8009538
3725640
5939135
5628028
5200357
6415958
4166622
2090459
6398314
8132025
3515044
4664764
4527395
9941596
4326330
9618820
4662803
8641558
5641970
7891668
1273057
9778095
9434885
6734178
2011048
7937299
1418165
6113973
3835179
7018706
5578513
4658492
8483686
4132050
6818007
6062476
4645568
8478418
2687219
2209461
1293532
6275611
6117990
1535487
9754638
9127429
6069506
2920774
9546475
1210083
9447057
7354351
3975801
7646476
2916630
8952454
7131845
7207111
5195627
1278006
9565716
7646802
1242889
8574052
8171121
6977359
4072423
5194856
4731813
2301516
4007161
8241128
9868677
5024749
1560473
7023251
6520677
6952120
2880707
1235959
9354410
9926205
8923515
5183744
2370110
6837472
8717385
9914958
6591324
6297669
4868516
2740657
4538570
7295894
7592557
8455172
6999463
4187955
3623826
8307747
5023578
2485623
4016979
8400202
1690730
4659427
4942945
9881035
4376428
8003946
4610466
1865771
1495703
9445849
9281170
7272923
4174580
1427296
4121539
9761806
3679152
2909312
5018117
9291835
2835347
5294163
4924896
8160305
7810699
7029043
7314814
2803793
4953954
8681672
9376294
8268845
1994127
4414962
4433443
4952828
6077672
6627791
7249859
7879670
3355125
6451369
5277755
6734239
5699263
7395816
5969050
1962183
6577327
4725616
1142183
9995507
3897341
6699335
2136703
8393251
9136898
5214605
6155399
4948738
6429811
6999381
4599271
7111288
7989901
5036609
3389945
8291996
1560666
2914249
7490156
3230983
7599395
2751386
2825915
1062915
3733234
3189019
3487494
3289443
2925891
6011338
8537994
2793900
5374663
3492933
4801986
2146609
2879700
1330341
3389977
4789820
9546092
7771845
3998730
5552936
4108839
4491424
1939926
7398732
6743488
5271576
8487393
2841874
3217210
9815315
8277354
7963109
4348589
2746368
5602085
8899593
6847857
7240888
2574327
4080324
3691045
1820479
3888973
8414714
1599453
2335209
5787162
7025110
2799014
6247129
6689643
1029092
5045494
5301093
5846696
8770877
3534581
6255125
6736937
7758617
5489506
3136651
6280818
9612360
6142564
9941884
5417229
6405372
7384878
4083420
7784643
7357502
5592717
1659032
8397494
3033665
6051665
7218749
1373214
2003284
2068694
3901174
2250206
5283376
2684334
5440690
1405058
1215409
3295660
9253540
7475480
9568610
5655311
1262884
6685607
5194417
4463882
5125363
8964560
8815106
3794988
5534940
4863232
6133663
8740017
4706165
6738384
3417356
8791524
3823173
4398457
2118584
3828591
9523519
7495543
4737168
2091521
9164269
2093753
3379246
1314138
4970856
6120641
1318191
6499062
1516035
6269278
5866083
1161620
1140232
8452996
7849437
2222433
5879258
7360389
9268265
2210950
6342649
7804590
6890141
3790539
4981732
9128256
2549640
8240678
6846425
5659466
6077896
5526308
2006072
6813792
6829944
5097907
5345542
4591354
2687430
3949961
7065421
2964202
4997794
1556789
9868576
6272059
3073106
1875072
2648571
5281443
7674082
2666367
5394249
3201766
2139193
1934264
9412288
9296903
3724679
8344239
1826792
4363946
2075419
3092556
3815801
5836171
7552977
9973738
2139553
7527829
4122792
9524542
1371812
5265120
3619058
1254562
6267166
4457610
4511268
8614717
3717924
6305713
9143245
4173329
8565257
7634890
1815780
6750497
3761980
5678817
8378874
3505277
3551631
5856493
2277134
4248940
8086098
6142287
9640127
9541812
1586398
1989415
8440604
8230344
1424685
1592211
4104919
6728271
9512422
6943557
9695321
8793421
5301176
8876608
7784367
5886320
8089372
9192751
3837985
3051257
4439804
1420770
9174563
3992261
3378098
8002534
4611045
9861176
6765033
2251711
7008901
1531973
5643808
8601092
5035557
3443611
9416269
3867864
8165398
1162287
3152734
7955840
5389491
7633506
8433690
4846246
9361611
7386640
3699494
7919273
6744246
4386996
7985828
5458719
7593480
4681659
6664374
2062056
5704036
1923620
4295392
7213744
1567784
5450704
5887180
6210560
5141766
3149995
6077862
3369089
8526898
4681143
6820647
3447119
1387191
7886258
3134512
3154742
1499557
7199780
5265804
1831756
7330085
1185671
7391832
5695659
6228333
8955218
2833215
8253960
7657166
6979492
6753437
3635381
3641450
7146186
8523973
9412207
8986308
4290093
7969310
6989861
1367536
8674011
6501480
4288198
8700713
1838128
4408092
6835077
9888129
7650848
4654642
9611500
1852019
9900260
9344124
5813146
8444500
5276095
3346480
4039259
5601576
7341292
5698115
8454818
6260049
9098662
7918064
8614373
7707875
1853523
2045207
9262741
4542547
9152590
7812739
3598265
4402445
4857232
7827396
1216166
1484132
3767162
3353787
8257693
2416548
2873857
5901428
5262081
3957443
6891318
8594093
8741043
8129654
8140657
9537973
4169612
8643041
7210649
6849520
7006198
6455334
7045139
4076151
1045159
5014559
9688005
8872668
6570235
2146854
7640198
6669131
5418798
8418513
4682404
9318540
2479091
4485371
6984273
9676708
2952563
1714813
8213098
9792091
1399653
7990460
5465829
6190297
4908486
7226972
1322455
3284330
3035062
9414931
1330592
1797665
2292015
7557592
1733940
1114200
5729250
9925753
7966598
8499541
9049776
9194572
9408082
3100552
1598017
7114749
1169736
5486768
9090309
3694279
2359184
4729694
9866501
8307582
5426686
2643474
2310629
3109832
4227540
7846849
4816312
9566444
6004974
8561336
4780352
7182274
7208654
5851546
7006400
1118794
2219140
7279621
8188928
6395673
9204666
3550291
3446877
7794734
9315866
6276861
8712138
6038755
8888412
7878297
1780263
7348671
3372783
2007812
6314044
7850024
2282371
4736794
8471826
1106358
5091761
7615522
8534830
5318434
4946888
1112327
4761963
5646429
7476853
4568065
2508915
8782013
1836366
2965779
1522265
5859026
1860219
7807405
4949782
2140055
6597185
8545713
6683615
5497284
3908140
7822418
8365855
7452993
9163289
3963417
6015318
4345268
5281181
1404610
2656206
1333371
1247126
6287747
9172917
7418102
1177804
8596460
3236956
6413243
5843842
1814953
4615243
5821741
7241759
6968549
7796542
4478182
9125620
4392329
2473280
3678289
4575402
9301474
4378147
1777877
7799625
4540577
8068378
9206892
8264295
9014203
7785203
9094930
3419563
4597361
4569971
1399256
5551037
2991274
5347471
7512983
5282316
5289852
8535685
1990466
6198715
2242377
9798486
1474453
6108265
1828998
5154144
4018282
5016603
3549143
6622107
1713578
8643144
6802774
4155952
7135904
3524738
8602163
3067505
5001065
9462140
5790133
3589817
7588040
7068988
5465825
2555414
6412190
5950766
4927260
9555286
6944066
2119998
8215792
7067559
4520019
4874955
6312210
5475922
6090741
5452245
3014876
1891722
8394653
3930669
7705493
6558881
7975565
2786845
3671868
2209140
3309595
9480010
7021949
7317935
5937574
8930235
2920492
4849379
3209188
2150317
3444135
6790182
7494178
7336160
3213799
9995581
4342569
7609167
9017003
3286848
1664825
6297381
4951235
6348762
6264037
5535631
7586362
9251629
5401098
8532972
9867873
3641618
4712941
4409826
2890996
1029950
9354097
2476874
6545772
8611072
1994161
8662283
5320096
9044518
2820928
9262660
3104344
4720320
1527034
6508643
7572912
1839100
2424007
4753491
1884390
5189616
3429996
5460114
2107264
7017399
2664717
2316128
6549725
7852786
6556483
1028115
7032278
7123824
5563862
3982600
7750160
7898088
7247511
8093364
5270817
2905059
1925597
7641624
4962012
6273143
3317722
1671699
2670971
2239981
8699032
3482577
9032360
5256836
4704406
5037025
3531432
2638799
8964857
1581989
7249252
7584889
2247793
5040866
3905045
4053161
8623721
4033527
9245836
7642560
7373482
1252843
4053212
8788607
6030733
9129375
6434469
4146694
3437595
5591650
3670077
3928759
3105603
4993123
9139708
6054585
9827958
8307969
8138084
1166553
2933155
2388991
6752235
8756362
9894858
4116691
4512935
6933645
8333951
7960349
6732181
9398764
7977342
7339509
6598406
2204192
5981861
5791069
2292839
8492754
3670610
4385814
9869227
4781310
3192153
6412750
5750231
6271028
4564898
4769910
9042154
2162552
3885662
3624690
6029926
4962698
3981476
9122026
3807231
9276160
9680620
4071550
5774751
2432527
4718118
4483670
6070932
2692840
4043832
6501526
7095063
7103550
3017875
9589681
3350458
9301734
1680113
7809237
7975277
2373144
1190573
7726596
1589036
4352018
8087486
8097667
9491401
7759196
7763217
8877035
9015953
4333990
1345347
7399580
6993054
9740557
4157304
7663569
6710905
9496764
7425498
2229071
2335337
2045871
3125170
7826360
1036765
2495187
7453148
4862716
5598385
7773450
5296810
5401647
5690656
3065291
6263832
9095925
1527495
9761765
4740263
7821209
7771410
9773219
1573336
2832637
1939205
5963531
7312646
9999660
8455721
9438145
8372640
4075019
8945361
4533193
5847554
9387438
7001159
2967530
1579376
3376136
4068760
7153837
4336815
1235002
4073593
6570821
6484799
7891980
5342869
3111368
9301752
1814137
5614516
5604379
9206911
8759396
6187273
6392621
5207910
1521385
8410136
5331098
5603678
1425103
5248962
1450607
9797913
9172761
2056110
3928205
1951744
4489723
3282006
2943078
2291662
4071850
8566635
7648741
5263879
7296204
6046950
7527594
8479705
3649743
2461101
3404595
3110029
8033942
5244318
9869782
2513258
8246413
5161274
6930282
7248231
2693021
2333937
6954246
4934474
4763643
3045062
1165217
4157601
2315483
5733342
8755225
4076316
8116675
8685931
1055631
5095621
8738618
2582063
6922095
2972574
1222047
9895920
7702861
2562070
8035413
5443191
6748779
5796071
1314140
7843908
2183767
5095759
3208635
8746449
8952433
5648616
4632985
7963393
6792522
5221158
2341100
9105253
8563432
3747117
1099912
8324971
6295271
6076173
6202713
8845028
3601146
6598491
9149676
6297840
7270286
2657069
9949735
8918665
4299023
1895089
7268121
2632424
2538883
5445162
8698284
9733463
6981461
4408009
8972471
1781460
5969517
1738660
6123056
5998687
7965498
6252565
5242431
4225825
1698833
7126514
7883949
8293113
8864559
2148964
4241211
1988964
8057114
7803046
2244175
5950855
8039334
2290524
1072650
1884956
8232212
4682701
5458805
8775031
9512149
1867327
3009497
8548020
1491052
2402798
7330925
1294911
8988593
7567336
1596138
2071552
3876465
5200456
6602171
1030881
6357235
8672269
4066448
6633149
6452950
7997846
7782226
3326566
8710742
2081148
9696497
5295955
9789165
6977228
4541912
4631909
1716438
4083359
1973890
4228436
3735084
2821720
1048166
4595514
6534769
4853242
5018894
5294460
8412908
4095331
8455046
1995857
5235305
5026473
1950255
1044016
7291876
9335888
5229427
4682394
3499328
4120869
1947155
2217281
2900146
4703737
7181340
3683028
4566651
1132285
1685176
1823272
9062610
1309047
4005856
4711300
1045535
1003423
4525551
8603657
7032612
3247448
3192722
8723196
1117623
9025678
1327068
8405874
2148074
3775080
1968694
2251287
2512587
7115114
1806835
3405978
8277382
6049643
4295746
6876408
4976553
5929453
2724221
6221668
3026176
2419422
2425758
5512863
4762538
3371408
5712091
3394430
6679291
4931619
4012951
1400894
5823182
7779610
9871413
5310922
7618291
5921055
9754384
8473113
9942113
9117079
7489618
4339279
7767603
1005455
7773703
4693315
3287811
7578261
4367804
2514332
5906018
2345380
9913747
2905492
2164785
1995447
2619367
7904862
2931487
4491326
3274454
9680292
3757055
5823790
1474223
9697769
8738628
6843187
5016441
5567694
6933980
8765121
2341982
4104368
6111079
1552008
3888051
7878446
1375059
9115590
4031333
5286408
9587094
3199542
9575361
5941667
2580614
7565158
5872031
7677225
9015704
6554278
1773292
8729933
7079795
8828764
2581587
1282668
5584688
6432245
1341000
4775375
8800945
7571702
3692657
4683853
4949147
7969904
6599217
7759757
6762289
3353746
2570769
7410538
1987342
8204057
6515213
4695407
4048575
3544674
1183417
3542081
1548538
1095711
4104462
2007068
3084991
5232232
3014933
3011829
9347850
8136425
9060079
8056575
1646194
1909562
2646975
4630922
4547681
5742924
5714868
1972293
9485808
2139134
1202742
4026596
2920991
6512271
6822444
2065565
4248558
7315438
7998248
1105484
9775514
5989230
4470000
3232502
1118071
4472661
2194218
5398570
7974951
8511188
8843619
3152003
6009396
4794448
4439868
2306891
3144272
6245343
1805361
9231930
7569638
5571086
5231495
9077788
5398748
5820895
1604050
3594768
8243816
1754768
2645728
5440236
3808780
9431702
7699141
1945662
6533103
1569577
5662532
5343342
3310298
4961080
7281559
4791679
8615307
8353982
5067356
2620468
3927865
4167724
8504796
7952655
7110245
6402758
9882360
8301748
1894746
3552458
5776434
6700205
9446145
8448714
1659413
4275911
7754915
7027419
6138370
4684953
5468283
6969830
4922073
6731364
3050359
7412764
2545792
2899286
5536587
7736326
6701011
6332905
6557426
6211258
1232744
9647464
8952771
8186473
8513725
2353810
8551788
9617878
5356801
7672535
4186317
8281057
5398140
1789183
2572787
6756993
8251291
8691818
5083823
7140049
4650332
9869810
7925907
4504449
4906514
8821100
6094408
1880365
1914645
9703566
4503567
7668554
7300490
4501866
9733266
6199677
2465675
2026265
7099430
7755654
5414450
7668403
6089440
6754713
3251975
5605498
7272465
8507405
3539331
5109270
5167583
5326957
3423873
8120827
1082369
8092077
7975616
8968487
2205974
1725686
5275735
6668679
6863779
3436514
1954294
2632889
1610535
1958724
6287124
7567084
2841181
8385758
4103675
1307556
1670030
8140214
7051116
6590362
1876880
5068546
3786735
4285888
2137694
5998464
1142460
4308706
5818453
7271906
3542847
3968616
8018889
4316775
8749068
6844152
4131458
8366597
5286815
3906232
9847638
7218946
4115982
5774513
7805476
4040162
2807501
4492495
9503082
6807547
4321438
6080901
4822660
2690916
1495571
9574285
8929282
6616140
2993473
7322893
9392164
3817959
7335235
4875925
8312565
5281602
6817960
6708741
9340417
7981752
1118266
8602444
4632051
1693373
2405100
4060299
3416720
3373463
9297631
7734615
2294730
5515885
7932305
7776222
3927490
7979000
2677730
5784097
4343581
3539414
3149380
7724063
5668737
8037757
2787519
4211922
3349997
9269836
2097567
7964114
3646835
6563453
4294779
7543128
4163730
4290423
5252194
6354206
2428212
5717440
2201443
9055713
1012544
3206800
8303609
2649800
8894749
6509313
8484113
4965919
8666693
7646690
8038202
1735356
3548545
2141034
2186792
1098434
2012935
3249097
9084005
5107972
7352108
9121754
4792981
5615233
3465479
3423093
9722724
4879053
7826084
5699362
8288974
1657617
3784610
1886184
5972362
6553385
9417386
6784131
3961876
7013291
1848844
6735347
2216214
2400199
7557047
5346865
3057074
7415434
9707541
3695421
4362862
9216765
2912193
5251794
3856253
3239018
3624742
1967931
5194982
3348798
2929717
8436928
7616019
9520010
1505410
2558712
8587705
9130340
6302716
6713666
4779678
3530218
9436935
3024207
8944460
9125286
2182008
6249046
6074704
5241613
6749676
8288939
7567983
8876066
7707973
1906026
9486247
2234104
2594178
5811853
9149085
3586196
7077626
8698845
1552616
6184624
3145077
7022086
4494392
2714844
2196455
1113795
6597348
8033088
2936778
6016632
6883856
9390140
4987223
8723678
4452599
3032112
6873504
7856600
6701531
2902295
1481997
5307621
1900678
4080142
5423665
1466991
6010875
4432691
2477128
4838272
2602238
6212905
9249104
3942740
6483069
9860663
8229568
8764937
7305434
5385424
6190249
8498802
8846934
7743725
8440808
7676748
9404379
1595350
6383237
3369160
3655270
6212097
2405420
3139335
9797327
5157329
9698245
3691620
6956086
8659647
2574066
2561066
3171788
5084758
7239525
7758630
9841595
1855768
9427867
2806616
5039987
3083390
8436856
1702403
8766290
7098461
3036352
4366628
6848431
7610788
7231983
2185215
5772996
7384962
7942135
1193684
7100661
3930596
9276692
7957105
3351169
2655452
4102669
1852449
1550532
8385245
4193993
3249026
1024102
8382883
7913610
2307636
2969124
6839536
1971979
4831406
7752377
6762224
4997810
9919402
1388072
8142014
5841842
6414912
6967017
8922559
9244993
6716817
6161838
2852012
2203312
5175642
5990864
7113966
6269932
4967400
4872539
6465058
6204303
5931370
7457586
2296700
9967972
2204642
2789409
8853767
4103990
4655158
2302589
7185994
2022547
6164387
9949882
5625351
8465570
4432593
4875785
2332125
9283806
2377217
2794155
2533901
5116590
5339426
1037847
1498841
2071075
7997700
2804420
4774472
2016589
9288676
2227860
5350791
4820090
1834533
7255645
9095145
1479116
1432864
3083348
3613007
9346486
9400850
7698136
6821091
8060563
4574516
5190041
7612222
8767075
7829992
6245539
2443946
2634850
6420623
5824523
7541889
5510599
6470007
2732916
7834612
4767318
1274930
2190462
1106600
2747938
1351618
3675213
8623738
3868707
2453424
6445233
5280035
7010927
9648443
8672823
1789303
6835224
5887406
6889291
6373256
4501155
5905994
7071880
8354663
7722400
9731811
2258782
5451914
5830507
6455175
1645087
9653257
9131773
1938456
7608102
6922947
2618351
6320379
6919460
5406941
7389645
1390313
7478408
6683690
5451475
5796131
7572939
3279207
9307655
3192898
4744917
3196829
8706674
4494636
4496463
7511081
8810684
4030883
2157318
5641240
7415203
5839415
3475640
8523244
1921176
5101276
6114943
4865980
3960886
4545814
3112215
8306679
5441887
9337233
9252046
5202633
3674165
8202125
4943239
5692182
5069426
6686454
7184554
9597155
3706981
6920721
3023084
2291156
9605578
7471955
6215606
8293520
2187204
6139404
5212276
2101888
6641337
3025600
7207421
6961271
1644362
6210198
5704538
5462956
7242670
7946218
8626741
5948322
8400874
1774077
4310048
6425640
7414511
4721356
1390398
7868476
3639248
6080382
1182418
6813323
9649694
7013302
5741922
5383828
3359393
2766665
3435463
6454762
1499957
3587273
3676372
3268248
1603584
7731072
8710241
8364638
6208652
8540857
3283635
2938970
8089349
8820407
3851337
4306882
3353168
8774345
5340549
7403726
4988549
7587381
3950326
3873267
7832459
5442385
6707902
4409225
9416463
4999410
7165284
8831438
2440865
3599867
9402169
1682307
1586987
8794839
7327647
1800244
2607694
1684801
2326522
3887573
8216858
5094464
8532215
6407816
3360170
2498225
6051572
1448252
4628250
5096764
5783051
1376879
3458983
1021417
8530430
5284179
4714529
3887307
1528256
5856527
5561487
3998554
7221982
3722780
3503519
7824159
1787529
1561360
5738440
6110920
4518912
5025720
9758590
2544411
6676574
6884253
4057041
8537863
8247741
3808425
5265123
5318742
7455174
3684195
7750340
8233663
7555607
4848343
6179116
9380057
3378383
1197969
4975508
2690985
7611001
9048583
3725041
2941084
4038226
7477014
1510350
5301968
7094072
3345253
6315204
4092428
6520498
3875942
5210393
3884113
5231510
9060731
2743603
2948296
8285531
3835061
2000759
6503130
8855804
3473783
6555907
7258078
9091012
2290873
7738628
5366061
6886716
7279848
9086068
8913042
4173295
3167979
6838963
3399198
9912599
1908417
5729473
8413976
9783590
5718598
7435350
8958417
8147954
1068565
8434654
2481236
9394813
7267526
5584469
6243900
8310560
2866328
2439738
9483233
6892692
2283882
4121395
7355242
5325277
6710756
9322685
7176326
2696340
9197427
6474317
5598966
2931343
8706673
5090440
8517442
7673007
8282082
6993052
6817100
7581253
1163034
1869305
7945985
3736673
8352573
5684848
9686635
5353401
3999071
6176486
3671779
8494643
6041098
8912436
9484452
9317264
3361053
8110687
4227963
6462964
4908817
8291759
5106203
2601622
3973527
7390190
9807502
3905408
7751389
1097022
7537285
4930691
8115120
1424087
9874640
7676859
7421564
4324189
7616489
4002490
7207278
5157658
8085482
6869780
6203002
3650525
1043935
4690247
9689848
4641006
8193206
6656132
7725545
3786988
3412371
4644190
5529688
8019078
4694144
4612558
3370268
4379026
2206146
7053281
2091962
4931021
9804230
7345855
1708135
6148464
7437242
9269784
5801003
5955179
3810361
3274860
7950112
6272576
7683294
2397815
2426074
8761663
6179642
1144312
3974305
6262426
4646624
5720797
8647641
7299108
1972829
9813901
1176707
8929195
6124485
1398481
1568028
8110574
2082664
2506848
2717411
4545404
7565092
7625093
9969912
7848876
4224660
4703599
9309280
8370355
5457190
2211861
4446757
8624293
5774219
6618308
5817370
5603339
8382279
6449798
5948540
2568349
3750312
1870897
7701044
6815772
2162707
3246025
5769466
5576334
1492281
7811666
4444243
2870423
3148649
2322295
2754875
7194161
2367040
8035856
7097309
8215944
2730811
9232276
5608446
3544373
6039469
5561819
4708602
4679892
6320268
2318349
9785831
8689028
6207013
1312109
2721366
3859002
8200304
2435836
1877112
8629954
9341630
6441227
8116892
2653012
6602254
8042081
4631894
1633359
1593984
7781316
8890876
3363220
7785057
9047080
5404426
5104386
1423717
2804465
8343909
5535177
5140466
6004071
5595772
2557613
3454104
5738165
1399755
5884633
6750431
8782814
4442554
2595101
5407546
5133949
8757026
1460038
4694423
6167926
8293615
4761689
7941208
4290303
6797280
2665260
9314203
5546437
8476971
5183264
6719541
6235580
3815294
6453886
4001086
4011526
9414561
3620333
6645382
1162879
8992183
2551694
1347878
9918307
1497444
1523444
3632880
2794909
5781512
5961539
2573512
1829549
4043176
5506084
2003212
8853428
8571630
3351394
4623279
4034271
2308231
2228772
4550691
8387886
1997738
7045895
9885812
5750880
6715193
1325271
5151154
2819773
5455615
5790699
6409543
9398207
5294106
8825178
9936167
9714974
2838770
7980445
3093796
9390263
5320231
7573123
6386017
7072152
5083913
4807627
7103455
6928362
1962368
7808993
8260083
9181947
6884940
5079672
2533592
8513128
7927271
1710720
7117729
6404772
4596039
6365188
1858311
6623271
3419264
2853348
6646112
1050549
5817733
3581290
8111473
9891145
6355663
6577098
8645338
4052766
9197910
7678331
3537967
7208987
5424572
8472172
8940712
1573209
1608841
3297893
3732526
5240338
4825617
6282939
2958101
9431463
4179122
5429231
7415657
4575117
8342842
6863652
4982625
3880598
6993253
6077436
1335793
5971800
4507523
1106382
5961467
7067516
7934584
1573189
2620645
8521445
5442269
9983768
7769542
3425210
2277189
9113697
4647353
7192466
2536410
7513821
4293652
4891707
5098149
3306367
7461427
3946215
6503404
3509809
4777133
3491572
8409525
5757160
1960808
4460502
5209321
5182498
5136073
3973731
2080020
6997311
6304963
8576187
6610377
6773753
7582417
9252690
7142051
8707394
4543743
5638108
9092005
1856889
3859745
3545172
1792003
1101000
9627751
7922024
9763258
9648988
9723081
2788676
4818202
1430146
5623324
8826489
7501412
1559387
6940167
9034698
2528782
9566460
8947471
1039315
9795235
3244772
1719245
8576407
3455559
9520154
9644290
1729252
3276248
3056163
6215169
8965157
6014769
8760157
2058250
3520644
8785736
3133755
5833015
2320570
9370871
9627422
1206863
8621748
1854616
2866316
4136825
7465827
4104521
2863695
4634570
8367841
6867982
8806893
5495743
6278651
9303766
1599103
6119686
4367263
9796438
4784048
1644407
9409571
8659154
5353236
2205152
8002863
7560122
7528546
6393149
8142985
7513393
1203472
6037255
2562939
6929768
6623689
2534947
9578787
5697769
1483022
1918139
9102615
1842032
3354982
1141674
5086834
2545971
8437507
5022289
3449088
9164035
3892211
8183879
6251970
3480587
7187647
7389805
2257950
2587124
2230884
5706270
4583206
6922027
7689899
8309766
2988355
8662202
3684263
2136010
4487422
5201107
3812555
9185445
9589674
7156460
2890917
1443314
9183107
8568251
4674981
7424827
5385667
5893376
8324661
5237749
9489599
9404083
7515572
1972419
5244699
3033493
6783071
4908868
7772234
8789637
6522320
5889598
9863921
8932793
7213745
7378919
3925035
3619163
5503307
8610191
4076070
7555710
6150588
2568685
4446058
9234171
3486087
1817284
1911930
6415852
8551750
5496625
5466899
2629701
8380602
2127380
2494289
3672906
9854531
6995737
8016561
2851632
5074859
2932770
4503537
8443796
9715740
7059346
9713108
6627346
3031154
3504249
5073857
9453636
7974443
2911319
9731275
7262615
5317691
9601935
6716620
3529227
3814524
8602282
5473770
4307143
3659331
9213444
1120251
2171798
6767310
7768983
6478853
2904322
9842073
9956258
6118366
9479499
6369040
3253749
6086834
5063108
5326558
5784988
9879203
1141003
3913827
6823077
2256331
8500515
5247301
8418064
8928093
8689968
4931870
9649939
2739881
8565134
5581971
8937735
6793342
4749581
6232900
1676146
4957545
8669581
6494047
5556145
7936988
5815091
4722127
7474946
8122538
7675717
3932242
5984940
7541167
6233960
8787369
2039499
9595469
6035443
7817512
8705724
1878481
9107247
1026605
1766625
5193587
5601389
8668269
9132113
1732796
6526724
1541546
6999007
9694338
6651814
9241217
7082822
3454095
9485919
6923615
4548782
4194464
3109993
2757460
4254365
7575753
2386606
1882560
4418877
2451446
2911771
1777129
8222917
2737740
1565148
2181999
1024903
2787885
3286970
7806423
9989974
1192474
7313679
2031811
2648082
1335604
4142114
3876290
8208850
9879323
1796579
1273796
2995500
6678775
2952708
4093670
6642723
3226389
8002609
2439980
6518510
1274665
1083758
5277580
1455905
6630962
7344972
5323815
4501883
8468859
1701192
9706387
2118731
7996541
4193536
5475859
2763327
3677410
9879315
3142376
8908042
2554724
3915476
7741824
9943665
7360276
7998697
5137165
8935923
7259319
6898886
1505905
6429843
2634955
1961858
6946325
4344323
9758759
7571219
6291737
5578159
1554240
3920683
8280102
4986275
5964615
7091182
2867551
5379225
7001392
7142478
8496181
7136611
6082702
6535045
2575897
7703985
7349082
7642030
3113293
3987392
5388563
1539265
4476884
5418079
8342527
3712297
8644488
3964831
4549967
2526852
7972810
1029207
7041888
6738998
8526931
9568657
4804702
7234282
9060841
3797973
6645187
8918502
5164718
6278351
7553405
8150154
4460819
6744863
7249070
6134053
6260457
6826942
7686733
6318324
8332824
6787976
6517802
3535416
9937960
8045930
9366478
5457651
7271421
5709544
7590016
4574975
3084384
7940811
2960996
8117130
7261943
8576102
5712767
1017521
8015319
7775556
4966230
7049336
2219504
2040432
2221811
4901092
6030183
1877921
6658121
3480629
7725569
4652223
9279599
1762692
2703674
6924950
4142280
2993012
6690358
4611094
1682052
7344344
8963919
4552132
1929471
7807265
5437197
5800962
5470279
6779778
9948083
2654773
3750779
1793378
2159990
2303960
3400398
6663613
7179657
4566621
7846699
3893912
9305043
3311547
2865843
7416159
3645570
5238105
5058273
7826909
1650297
7997973
3594063
6134550
2952037
6445105
8979282
7754948
5025645
5849818
6849087
5279341
7807304
9689239
2932881
1374045
2319208
2946571
6682403
7680453
8531284
4811046
1557335
4653872
7671955
4184558
9921689
9168286
7782212
2765285
8314814
7146111
6904011
2850072
2095878
4162957
5647398
2191492
2891008
7396358
3665437
4955173
6248781
5570245
1978840
6841692
6883708
8990972
8450378
2535804
2356373
7859920
6042955
6065457
5562865
3444817
1215236
9702157
4736518
9633429
8393155
4778992
9227457
8802224
8205359
8095636
2274892
7636369
1581461
2738867
9035311
2906812
1061408
6318101
4832914
3396767
8120936
5540089
2393825
1443284
8972577
2495839
9591112
4348786
8708852
4178864
1538845
5215568
1641450
1784395
5615646
8608792
2486021
6162477
2649359
6714627
8622057
5891004
5289798
6377590
5171383
4458352
9082882
8165945
7513659
6060511
6222837
5495184
4737595
6553827
2101410
1106680
5434992
2209450
7758497
6504511
3640145
5842009
5902400
4192960
1258122
6896350
9651844
2679674
4075148
8130129
4004301
2533581
5168638
6787461
7116183
9836944
6625617
4684465
5473052
4774801
5521905
7078262
6586135
1326954
8212439
9833677
2343524
6557948
9688635
9427023
9200836
2574283
9074343
1331935
3862396
9112502
9465383
5039287
8311452
3806929
4177180
8422734
6228125
4468833
1854256
8527011
8771108
9452595
8132708
2874409
5448291
3448409
2501766
6314959
7155871
1985154
6619710
3403179
3426956
8752245
8958278
2626370
4217300
4979306
1466426
9328694
1422774
8917445
8616005
4353549
5158667
6631536
5552827
2464730
3869860
6025555
2697861
8143498
9529552
4265011
9199031
2226765
6010874
9845796
8740350
2485662
6209838
8950572
2283189
6631985
2674940
7462262
2105494
3032441
7560309
3854960
6024973
4029651
6695315
4027841
4952936
7754834
9074293
2892202
1485675
6218343
3584903
3774968
4739969
8659949
2619840
6461987
2524429
3534095
8830981
2357255
2816605
6188567
4898859
8955644
3406592
8756883
9540633
7655700
5340974
6202277
4150988
1876080
6493606
7434024
6387573
4659775
5947925
7084091
4161725
5592788
8085170
3097835
3206120
5999587
5890983
4705729
9878231
4145113
6223017
8494948
9076968
8812693
2260968
2401197
1116856
7410630
1255650
2555846
6914696
2069218
3127954
6818941
3755517
5141888
7115783
5277867
5345537
8649170
4266703
9774459
7918472
2570179
3495826
3711449
7272429
7536681
9259770
4631801
3431546
8092199
4483792
3579905
2811526
5016418
2712482
6913620
1572793
6225054
3993440
5949628
6499627
9949620
7469511
6370803
5429611
1411442
6524789
2688334
7271452
3005647
3586202
9646279
4291129
6589961
7532495
4336421
9167992
2881885
9416897
4545802
6822605
2159394
3609094
1036889
7113797
2915587
8211586
6584275
8805847
4034687
8174635
3410920
3827999
4452368
5203324
2440251
7464155
5268019
7553799
4202024
3742025
2103739
8637395
6479540
3613627
3967151
9581444
1137135
1491028
4105405
5459688
4130994
1162911
5492878
6450528
2447240
4464267
2684469
9198569
2942185
5450759
7536960
2883334
1779554
4395702
3690929
6423500
3406480
5229071
6256455
4547849
9136010
3564692
5800117
4596114
2493599
5757101
9980084
5102312
4491637
5407521
7853556
1193670
4634768
8047600
4927789
4760906
5171699
3088463
9797205
8367741
6562401
2787648
4025322
3332289
7228476
4642190
4413358
8529622
7433807
6522850
5815731
9869129
7546087
6774213
2911052
4140281
6139099
2839027
7393443
7439623
9562925
9473496
2584169
5458137
4754889
1887978
4901096
3065291
8301226
6526626
9028980
4878260
8724892
1837976
9957632
4014096
6670556
9349434
4127756
3155343
2918619
8105576
2276860
1184121
9556449
9575855
5283332
7062652
4109071
6522273
2650944
5556820
3075581
2964622
2060512
2306325
3318594
3208801
8752129
4264792
1922449
4042200
2820758
4114176
6969088
8446305
4619525
9311528
8078629
9044430
2250510
9342827
5993369
2927029
6972326
7736719
8782686
7698471
3259426
7220622
6536861
7823179
5383695
2983939
9036807
9841366
2845150
3117806
1425630
6170792
1769532
8944931
3891404
8593414
8340672
1435093
6805553
4850352
1829246
8177339
2609722
8693791
4412856
6479261
9994604
1494557
3451700
3660733
1608449
1579904
1093993
8004964
2236457
6952388
1853011
4530888
2596273
1325828
1709798
5436375
1633409
2559573
7100959
7166562
1576447
8087680
5508981
6220137
6822290
7198809
3004847
6836287
9054209
5340096
3729615
2762458
1571769
4529524
1069932
8008249
8608045
3285903
7800733
9292914
5306456
8137890
8979345
2220887
2101790
2062317
6427324
3502276
7359504
2156091
8200684
5523400
7526799
6200792
5814842
3874734
2287240
1660656
4623003
2865639
5351709
9094790
9713430
2329813
5531428
2908877
8664336
4431862
4536648
4282983
6014787
3078379
9519373
4230583
6666445
2826148
1347378
2799717
6982053
3991659
7955887
4844845
8589672
8109897
5089054
5058724
4594385
8614360
2661750
4449545
4876680
9010471
8235697
4491076
7183889
1465411
5478864
4535550
9800485
4582760
1917365
3297628
1448990
6390276
7911085
3357465
4293387
1460196
1697041
8428670
4293027
4999422
8164033
4685377
7506391
3075866
5982033
9000568
2486144
2472733
1930368
9021432
6371576
8246643
7042979
3709710
4724036
2437784
5424033
2304665
2943279
4711748
7614167
9389186
1136754
6567857
3835484
2324634
3501838
4935946
9982686
8704078
1322876
9196593
8078251
5205193
7549948
9836717
1335948
3942439
9642123
2759919
1521484
5154577
1988720
3578559
4168214
4583033
1327988
2834056
4733948
3449524
3262321
6953404
6165204
1880175
9981379
3726053
1153853
2486159
9085788
5115018
8434367
5289705
7117876
8812858
7104336
2106906
3181277
6288695
7108147
6633221
9272820
7457474
4462524
8104679
7687731
2182720
3617902
1668120
9399716
2106502
6885893
4754465
2911536
2296838
2422095
9918516
8961174
1577813
4307700
5558988
2692855
3571864
3744407
7324578
2815373
4793611
7361045
3778569
4020412
2032557
4093995
3864103
3660481
9998092
8126004
2289552
2123399
8638888
8758479
1934656
2557400
4713607
2599775
5958197
1361328
9239572
9113132
5609767
2124654
6577269
5689830
4223845
2177124
8601960
9065738
8089485
7066061
2553240
3109598
3603752
6812510
2863874
1699862
6988192
8957237
8982270
2242841
5016222
9104814
4121517
2614813
3521924
4723541
7695550
9836718
7409540
6721333
3677084
8065294
9166811
8823311
7190968
7218999
4704878
8247206
3675630
8947900
3031743
8358199
7746326
7175053
6107532
4993735
3559210
2925721
2590148
8418772
6279503
1506510
9155815
3900525
5129730
6977276
7241337
6569694
1171232
7176791
1750114
4181123
3475474
8931931
4113189
5767165
2137107
3343626
9684347
8216771
6784991
5017937
5341003
5338448
4748553
2098441
6409530
4961625
5913625
1302376
3488291
9066481
9895416
9442621
7386248
1726619
7895696
4500914
1730615
1073505
5481214
1045667
7794333
5599912
5644662
9667416
2187069
2850937
3732740
6196063
7115709
8138413
9853677
1497798
5583707
8813621
9861300
6351986
1730876
4525572
9934712
2320287
9250597
4217113
7069754
3622837
2489539
2735340
1047293
3040707
8856676
1548166
5493402
8093320
2285971
2658371
9853897
5336146
7140191
3330568
3853872
9871065
2682702
5732724
6889475
3689692
7210429
8592242
5904605
5990226
1448541
4360348
7129534
7252830
9760379
6133753
7907363
3607841
5026282
9105959
1671937
7984746
1908878
5922260
8832669
3883720
6406984
7698406
7605515
8294209
3328313
2647419
2960769
2299547
1103605
4992074
8235350
1908631
4347462
6496552
6470941
2299069
5360218
9457319
5317848
4695315
4042826
9857945
6627099
6676327
8728327
7338354
7598143
5616524
3177187
4312075
3978815
1869537
7531449
9071939
2527410
6333324
9424187
7897856
5083877
4816966
7686742
8328851
3693716
2234512
2426500
3833210
5922501
5652484
3631086
7781631
3696962
5570822
2409851
2685053
4643249
9241817
1949433
1201346
1485329
2311566
7446439
2579600
6942163
6105303
1307292
2030590
9972563
2266233
1877784
9375164
9477361
6828448
2944294
8744372
6843472
8259468
9641514
4980683
5275179
3046121
1140428
4461766
7960079
8010429
2885953
9392138
2156345
4284603
8584819
7813435
3048716
2922356
5125133
1403142
2355695
3115245
6758180
7860731
8007489
6323211
1845957
9705810
9356730
8286507
6880087
2265807
1249503
8190286
8734445
1488191
3418017
3967602
3761899
2400674
6165779
4708604
7079441
8405539
4623110
8464592
9020009
3231298
6192259
9631491
3958217
4446738
8255141
3355880
1102918
6312478
3591632
8979079
4913333
5307495
5250002
7609772
9758815
9441993
4869972
1668763
6568896
4093052
6285436
7429281
7792124
8498037
5724771
9554885
3602463
5288428
9072046
3082654
4503247
8731129
7508171
1957950
3163089
9784792
6500490
5509132
4486900
9821771
5130517
9341360
4068637
3243551
6938638
1704167
9677168
9682246
1661827
9006902
4038425
4210083
6123536
6244602
5515124
8791269
7245778
5213982
9428063
5881162
1624963
6498983
3765593
9444165
1067575
4885609
3196247
6284155
9613426
3471709
7138531
9169254
4693540
2423178
4907185
9699164
4671554
5181215
2155456
7722154
3413761
4422179
3123561
7870746
2494193
1780419
1775176
5969621
2916981
9592330
7664452
5196001
3835483
8364784
3408508
2284426
5120220
5444489
7467279
7659679
7027249
1109598
4954056
4252372
4285391
1591769
3735973
8017477
8419842
2940441
1851266
5899674
8875490
7753062
2767079
2232453
3627955
2665470
8718187
6552296
7648479
4605902
3586435
9833812
4651720
7180156
1637227
2943213
9667085
3545057
5265263
4167081
4301787
3905044
2670870
9523191
7618605
7803617
3323180
6226684
4790113
9269017
4489835
1270776
8598136
4396611
5316229
2406791
2580138
4294960
8508817
6727108
4364772
6899885
4796623
9220552
4490271
1632593
1114457
8077712
3327582
4069045
3312361
8354813
7848900
2754179
6207617
8826868
8972431
6564263
6033915
5643365
8142069
4338211
8334701
2437289
8423769
9537023
7430392
8505093
1801130
2356701
2634350
4918540
3476505
2418667
6160157
6947488
9607349
4974257
9159868
3050009
1243172
8925898
9268209
2420542
2073920
1173487
5239933
1487599
6618251
7158383
7773893
2548582
9815633
7315195
8358718
3567122
1947673
4883677
5908531
3904803
7120649
8798774
9081764
7502225
3796876
4189345
5702273
4712028
6983649
7102599
8958314
5595698
5202210
5508669
4241104
3511330
4140572
7524734
8344269
6716853
9055483
1090431
3325728
7496904
2675428
1020752
9773845
9433547
8732834
7112876
5765891
4442068
8782711
9403613
8144303
8451169
8731540
8332622
6049039
4974760
5933349
8110383
1120488
6260253
1374915
4371711
1392600
6827328
5343757
8747577
3935472
4396703
2716689
3695837
9252921
2726383
5810275
3644633
1270424
6217795
5186000
1665236
3768076
8356583
1088301
6520856
8206355
9741596
2560840
9713433
7733932
8081775
2920128
2459110
1849784
9556408
9552049
6063211
3425722
5431084
8065991
4282080
2281405
7755040
7962676
9246226
4208085
4578715
8835196
4952844
5686077
9115798
4012077
3354018
1581728
3896146
2977453
1034393
7856051
6494614
3438443
1191670
5708863
3331908
8390456
3377122
4748284
1101271
1809966
1193398
7131225
2952892
6092046
4956073
5102553
8523593
6259048
7830163
7093975
1484702
3529651
3751517
7771754
8866327
9731580
4797512
8010531
8722603
5476987
2757206
8857843
8781796
6165378
1005849
7811498
3262971
5126479
1846294
1292570
9891727
3107200
6326036
6929818
5102082
8086502
5148039
1831462
9722544
2111922
3810836
3561444
4192141
8092043
6188417
9170625
1512538
2377346
8285179
7547706
6510532
4228701
2684354
8275959
3280985
1519376
8057973
4130769
3222439
9074570
3977845
8806261
1292275
2196650
7190969
1932064
2686163
7511378
4955694
5446858
2364649
5799188
7476168
8132511
2868924
8608138
4293034
1806120
1239348
9444610
3891566
9407753
6260402
1133781
4770769
2069091
1336842
8437977
4942654
6544985
9598494
2954476
2795893
3437360
7801112
2630769
4523864
7057296
1944323
2629015
8178514
8198951
7729351
9793748
9977061
4909101
4344959
6138290
4344398
2589698
9278200
2484864
1251862
1586227
4476873
5149609
1844856
9218267
1527690
2535585
2586218
7461798
8929970
7227387
5595722
8358961
8434385
8346839
8340390
1757133
2296870
7462841
2372392
4509923
9203422
1555126
1393692
1812401
3045418
5099912
1233568
5262514
7300923
8503552
4675495
3780572
6248413
3333594
7948777
7613379
4604397
4572396
7466539
6050907
2578552
5426361
7807910
2458394
4110706
7312546
7582871
4863420
8768784
2876092
2750946
8863712
2142530
8816829
4867940
9956944
5481040
3915919
4202900
6785758
8684752
8870727
2823252
2986153
7544898
3457647
5429018
8603711
4804744
2675519
3737205
6005661
6057861
1362027
1339071
6478673
3235600
5620822
2103262
9557120
5600277
3059364
3060854
8969092
8815688
7438317
3249391
9842733
6011527
7245837
8285662
4570537
1946316
6068248
4238802
4404286
9416523
7771563
4420925
8856179
3736046
9061021
1219838
8503055
5630443
7043477
8451143
2288633
6417022
7906613
6920496
5363518
9531464
2652468
5918295
5166769
2403332
9269066
2742065
4976429
3649634
2515588
6449458
7518070
6046786
3531703
4058197
5378302
1574222
3918801
2599880
7746755
1051508
8024523
1268024
6790741
8659775
5121594
8084596
6416054
1217297
4467653
6461312
8915546
4404863
4824177
7086713
9305997
3496521
2864664
4679199
4499892
8523892
9226169
9727428
8186859
8153414
4263464
7959312
9419598
4158814
1615654
3744687
8092307
2629421
9883659
7695639
4103253
5811925
7982176
2752889
7644075
8068828
6805257
5526403
6096247
4376588
1986271
5633936
4283451
9715179
4894876
6716973
5509413
5578258
5783024
5118665
4351915
4566573
3958704
5289272
9516433
2538830
9835630
2665700
8030088
8644206
4770851
1413265
7459952
7463168
4877833
9946250
5707070
2357043
6901830
1690989
8563833
2379973
7367362
1645072
3117022
7827455
5887385
5672655
2251492
4250513
7300524
5574516
2789082
7906954
2066066
4497217
9147180
1748019
7724524
9396124
5623172
8591241
3247127
3161687
7537485
4891862
7676986
7492252
5180626
7470891
3336638
5496114
5623173
5714236
2802781
9265710
2583772
7988120
3598100
6298040
2460246
5034755
1378098
6525177
4804252
9533682
7361299
3679646
5543618
8402466
4667878
3748044
2064492
4719893
3348009
9535264
7678669
5258026
7717046
3392993
9503691
5667736
6269111
5558021
9381759
2598150
2351542
6817244
1941848
2412682
4266191
8213661
4767583
9408189
8269702
8204748
2536725
5673528
5193909
1496516
5175032
2322797
2540062
1131622
7770340
2903971
4515871
6971550
9172119
7818127
6241987
2815311
2678477
9356748
7580533
3402843
6931978
3038072
4711119
1660752
3831030
8752298
5462992
9745586
4058786
7674707
7188460
7934817
2007465
5362800
9541118
8167207
8515057
8185065
2942233
1771744
2490705
4920393
9833532
4161606
9668300
1476635
4878691
2943128
5488060
8131293
8497722
3350183
6654346
4759076
4361197
8231101
2479258
5420748
5891034
5955690
6417219
6238169
2324776
2239212
4490555
5067631
1636721
3320890
2414866
9778602
1432603
6187821
4760021
5714331
1177028
6295756
3702803
1023712
7828507
4368370
7457148
1834271
8440524
7991198
9128805
9130334
6956179
7368663
6833063
6458690
4646130
3992762
2694312
8178019
6614077
9819170
9564145
8535176
5858195
3894066
9373566
7743492
6483943
9972929
1430165
1490796
8284092
5344483
8454158
5709683
4483119
8023888
3428657
4856101
5638702
7813684
7199676
4473724
8675591
3592339
5993987
5578914
5076763
1702486
8472434
9352708
1250737
1425077
5033647
3486735
6770470
4496963
3931290
9078539
7466114
8450577
6511158
2374480
4061927
7658432
5125217
5087400
4821027
9105895
3334399
1883907
4685220
1872604
6550581
6817617
6528907
2931811
4866321
3068992
6557465
4656369
6685767
3772754
2788102
1203099
9469015
9410969
5813488
8278048
3795978
7547090
9552048
4114447
5126810
2314268
9974217
4472727
6108145
8576915
8679290
7473001
5385354
4399694
9277171
4025867
4982068
9681073
3847204
3053948
9856117
7489391
6761392
5726976
2764875
9985247
4599168
2258503
4163342
1199034
6760885
6191998
9256369
7369711
4419829
7913073
3712679
9105059
8536615
7442971
6125794
4879816
5871289
9132876
5750390
4211481
7827678
6960821
6264604
3819567
3696534
8432083
6585299
3647235
9010405
4212918
1275745
4211649
7505125
3770936
2461573
7789751
5282128
3845043
9683892
7459989
5768426
5976127
2686970
7956867
8372993
4738455
8534107
2147044
1591042
8491047
4668024
8396265
1524366
2530770
9772193
9281892
2972955
5787855
8849169
1026235
9026504
4246062
5562442
3084663
7609282
4686841
4622222
8805180
1431692
6058741
5035895
1811603
6553902
4386120
2496436
5432483
3137788
9859700
6933216
9901439
9869057
1533825
6422848
5875737
3909193
8406330
9664729
7501843
6457608
2188429
2626092
7242806
4365738
4240662
1488719
7765628
8217656
6720309
3242026
3859527
6195043
4590363
3443402
4870901
8757169
3039588
7127397
4011275
8281857
8572190
1936491
9470286
7417532
3349481
7881861
9046576
5823514
6164150
6134316
9977383
6603470
5497585
8991721
2552346
7448976
1385851
4212517
8532021
6150981
9124176
9604012
1342813
6836044
2552840
7072066
3661373
2053351
3188345
5495330
7560381
4132868
5017977
2845711
4396308
5567720
5218881
1683929
3404212
9287991
6453485
3993647
8035236
7424034
3520288
8722075
3678060
1832045
6561156
6041246
9478761
8979803
5656559
5430568
7333248
4642553
3567521
2482868
5643695
4144837
5364586
5442174
3494399
9819641
2523368
7103906
1446486
8008759
7689518
3865042
4370153
7481554
8248321
8631220
3877966
4111606
5250236
1365014
9882479
3140854
2441811
3079119
6014491
1112944
5194676
5057203
5071734
4029919
7007945
5878898
7321745
4962365
2297754
3196941
3899412
9707347
9347344
7876534
3599320
9221726
3102228
6637188
7177873
6763487
2789334
8602064
1126760
1799424
8626474
8492719
9786023
1517278
1806796
9789963
8715918
2688439
2864644
2091936
1243651
9175282
1075429
2217297
5451941
4067333
6277220
9030593
4704326
6664532
2707809
5685341
3488402
6890328
9687298
3658930
7260756
1195857
5889111
8969272
1912243
6792206
9847737
2619353
4415130
8148564
8087848
9615781
2592580
7498372
3835561
4637093
1448280
2411812
3950576
6611600
3426124
6958935
3754761
1051528
3589977
7124789
9612011
5373190
8785436
8287136
6383695
1566179
4685910
2936796
2876352
2716419
3532236
3830089
4585928
8560350
6613711
7082873
4122634
1321964
7335190
1844274
4217454
1440045
9860935
1727553
9822710
1818642
7123668
8892665
7137584
1918155
9020226
7447431
5111044
9616238
7959237
5210675
2022445
2452800
4368136
6420725
9727620
3040228
6598153
4518193
7494840
9973853
8696288
9518289
9945178
1067074
5600863
1326654
3447061
4563453
3773077
2684603
2017979
6054911
1348525
5000798
2270074
4545348
9097972
9382891
6782701
6244990
8006520
3658638
4028367
3346273
6190859
7044277
6636746
3324490
7441063
4423304
9700077
4315213
8713003
5895494
2979389
4414617
9748356
5478717
5668898
7091274
5288807
8473958
7562690
3487947
2007162
8939482
4592555
2163366
4780434
7825781
9400874
3998826
4315095
4441478
6704441
9297080
4463044
7300207
9571092
1679914
8570443
4130592
3244652
9550623
4161878
8028714
7847349
5271399
9575975
8169666
1317146
2085704
3845664
3693013
6200593
9269291
6369567
7325058
7359816
3973158
9613057
1540793
6129598
8841319
6375112
3005998
1461423
3514553
6401559
5710137
9285543
5274742
2451354
8510221
3213048
8490762
2248322
6098259
1904391
6663903
3557550
3351778
9380544
4671466
6670053
7815389
9957098
1336850
2819968
6590698
6832660
6319672
2286821
3018570
1647535
6432743
9442541
2400282
5557814
1564250
5544679
9479973
9017991
5794532
5060470
9109412
5452053
3358592
9294677
7453587
5810679
3084213
2467003
2485872
4987480
1425445
3322650
1660179
6499601
1742067
3464321
6509413
7963476
8093071
8139233
8697598
2954943
9239264
7043948
9631327
2416464
4708876
7446617
7149576
3433592
7781287
8915076
5950968
6885448
1488693
5480691
2431295
7041736
3957982
2231476
5230401
7020391
4329837
3173730
2530121
8519372
6629252
7270982
6478087
4193739
8674528
7053401
5842984
6637683
9438853
5998951
7732048
9037636
7716358
4238288
5658359
1396093
5430259
6793577
1447389
6229780
5474783
4689471
4053739
3439487
1263692
3976827
6005160
9566703
2645110
3419425
9251092
2909533
9059833
8002739
3853412
9621629
5109919
5882546
6307611
6428174
7012938
5636804
5868162
6890579
2425914
2599921
1954180
9955228
1298812
7347207
7852264
9787645
3350640
8429662
3480939
2604128
1757621
5981558
5975225
6464503
4862835
8511548
1109448
2448265
5783108
9329196
3114258
7889134
5024319
3076368
6982893
2707030
7765603
2177830
7219848
2999683
7232221
4534495
4952772
4226583
9054710
5115844
5310892
4707463
4997213
9281331
5908271
4899148
1757704
7203849
4447512
7128343
2010809
4310804
6139354
2181461
8494178
6602786
5986422
8996374
6099184
8105421
5815941
6661808
7223414
5411031
9360291
5553023
6524107
6422131
3489302
8657026
3866430
4255351
1223385
2319971
1396342
4319216
4316357
6425684
7578411
1023248
8240027
2526101
6020347
8053954
8458480
3705426
1571178
4539294
7777269
3433064
7666745
1760696
1697826
8590280
4234913
4402579
5058431
8660660
9443756
8740531
5184591
7758951
5163377
3037136
5785497
3744082
6487082
2294438
6971988
8928704
9970739
2787817
9748206
8595226
6804386
5396694
5591033
2490055
1745853
5737637
3625266
5197611
3864476
7640027
1416496
6697553
8488348
4623804
6581926
3721955
6756733
6957149
7961557
9733974
5524825
9297878
5596881
2382755
4575106
2165078
3869677
5410287
7137782
7538450
4419141
8584588
2773633
2055062
2934761
6041432
2127728
6990524
1247393
4948099
3085549
4935545
7367266
3853871
3992188
7848148
3094795
7208688
9106321
6971955
1884252
4247026
1243403
3622478
6810740
3341434
3320017
1814660
1075012
6947717
6307592
3339020
1831318
3144780
1644078
9824068
3724340
7884649
7440790
7189605
2471158
2221075
2734592
3592920
6119852
6097285
7720468
4334817
9296867
6294142
4638907
9860922
8077848
1871713
4311386
6779195
5543991
2142140
9285228
2074740
8597006
2448613
3636475
7835101
1548371
5006977
8863035
4197541
8489614
1780638
7239107
6520998
8015588
3566848
8394345
6329658
7254146
2248633
6225848
9574439
6517986
1715505
4128529
3499765
1684221
7919686
8331803
7866145
7088909
2485516
6375400
2383082
8166142
1936117
4253350
1102920
2464332
9256638
1300412
1620395
8963292
6141644
9096323
8983776
8308333
7162108
1917668
8610648
2367790
5579965
2356649
8668348
7727982
8840933
8207530
7500672
2226628
6770593
8633412
4216684
4441935
3445399
1511593
2487304
2931800
1175258
3625745
9588643
3652500
4124233
5293519
4968960
5099077
5409860
2917694
1965406
6181631
5355660
1890138
1206819
7564104
5703031
9188843
7427044
4565401
6101004
8864411
2337939
5662465
7520577
1657193
4387014
8846185
6600590
5687606
8644000
6292594
3326445
1204925
4145566
6305658
7103281
3090848
1977344
4979518
3577216
1631069
6883537
1822169
9421679
2479967
3502677
6164459
1537080
8324273
5868495
2123349
1501594
6729293
9610412
1983712
6290126
1689555
7762191
8990397
5537825
9301269
9657338
9145447
9494002
7671311
6741397
9089637
3932106
2098356
7456799
3903467
4388755
9907875
9869614
8812448
7082807
9949816
2299620
2915387
5641174
7435647
6425200
5246918
9495587
3986244
4998462
8573573
8754588
5794822
4865596
1200432
6643172
1424522
6712650
6210587
8739902
9694859
6395134
7894199
2885032
5297934
2826641
5210481
8210834
8837012
5915433
4477240
3916153
8317225
9472131
6895644
1015781
8250906
8673916
3462994
3982203
6186948
4924733
8426068
9983360
4694278
7175489
1128741
9679403
3981592
4926405
9287922
6913124
7910965
8361739
9506196
4817951
8673076
7587018
8151154
8365392
3043253
1716853
3724036
8974218
7340534
1012582
1979186
9996280
6736389
6039911
6611482
9243830
4389392
1684317
4017905
3793229
9381144
4977682
5799873
1132105
1149316
4297117
5099344
8036409
2014162
4643120
3954465
1722755
7143208
4152958
7228692
3418017
4430473
8451079
8278120
8902652
2383523
5647297
3975905
7310243
6536517
3710181
5208516
2524264
6545325
4741715
5973440
2246551
9976575
4408226
7085031
7727316
7990738
6327368
3294169
4211344
4397477
4062626
9072065
6408551
4421487
5955042
1524601
7357850
3389652
7556370
5766665
2616804
8638963
8412873
5969933
3622075
6633820
6079209
8355764
5892068
2329247
2230737
3551972
9559347
7372288
5402150
3380219
1509662
5285830
3182649
8326833
4077949
6464818
3710293
6377433
3822561
2537869
9417704
2979270
9214926
2926043
2347212
3393675
9991446
9616427
5352816
9204890
2921299
6912656
5854631
3283597
6196288
5470890
4719309
9993539
1801396
8048797
4413970
7582627
8673789
2628196
4037668
4014076
1727189
1201598
3918909
9074765
1268868
7678086
8204166
6558560
7634769
1571232
1566502
9784081
1043878
8119823
3527276
1650348
3267391
9041380
7244501
4956724
6372686
6758161
4530042
8687040
2326383
8712988
4266265
2368705
8505347
7653487
5573950
4415326
8488107
3418380
1741645
1406016
8012131
9491677
2855343
7891626
7825016
3214377
7354967
2484095
7679272
2874723
9306608
8345556
3611037
8189989
3411789
5809636
3831002
4391116
9066048
4092151
7111296
2097072
8770489
4428101
4566508
2050425
2359868
7462228
4605600
6862394
8573079
6615635
4134167
4629975
6990983
8942935
7783738
2092177
8728826
4896687
2678123
4298160
2049392
6026214
6592510
3745099
7477562
9548180
2260167
4675639
7555877
7260065
4211278
5239114
8119024
7226008
7832735
4074379
8493432
2285411
9559422
9425912
5109685
6664297
7523576
3804146
5149469
7018496
1847381
9269257
1702630
3106385
7263402
6171360
3616553
5120967
8082891
7148989
6906978
7607155
1449629
2454959
3535764
1553664
4427977
2132444
1606153
4469518
8586764
5396326
3709943
3538861
3684075
5045946
9790782
4869175
2069444
2622965
1148366
5605770
7547840
6553330
8230246
5391456
6556901
5181428
2214647
3142285
2017480
7234605
8244583
3109781
6242143
5525993
4450417
5961832
6382197
6463258
7311529
4953339
6335990
2987008
8266205
2100164
8385450
5471541
8860824
8426130
9328767
1744338
4544320
2035270
9390526
7530818
9313503
1782642
8813216
9911521
2267518
4808716
1425722
1758864
8236653
1953550
5348435
4965080
6485728
4266670
8572758
5558135
5011508
3952885
4250402
5072908
6765391
1496319
3304703
8562140
8995748
8206926
5003628
7883967
9169302
6009098
7013268
8158826
1615156
3706393
1494943
9360665
6221155
7553815
8234532
3069145
7362265
7412402
2061307
6525039
8263045
7236005
3613360
3520809
2093517
2394063
6780309
5970239
8241711
3164079
7094063
9469924
1969417
3400703
2898448
6337967
2003699
2149866
8097029
5699169
7468170
5184490
9096549
8668370
9603208
5296962
9262730
7044157
5488783
1733141
4760668
6493348
8679365
7418594
8481544
8853281
2546648
3521629
1958288
7942859
2761058
9941226
7450877
9516481
4635496
9308024
6251631
3223062
3968125
7474168
3970325
3589401
7603204
8821369
4261751
8185023
5632914
3087074
5082992
5534640
1648306
1147787
2056314
7557035
1766082
6309624
3168738
4590550
3541370
8768306
6349210
5211494
7410253
9170820
7373741
1309415
7933928
4650703
9477773
6725224
8702807
8270795
9805768
4698375
9016007
5124762
6681497
3309780
4090534
6139018
2074907
9463973
5324070
6331112
4048664
4997878
6177313
7249723
8989568
6919674
4340183
5187876
3847989
5568642
7547538
5683536
4480643
5553289
3474474
2099607
9316973
6484122
5298405
5968884
3830434
1486110
3069366
4515937
5481679
5994374
9253542
7226575
4025422
7428625
4472272
2372223
3383868
6992442
5213126
2374144
9194152
2541378
5124434
8768901
6609062
4726549
8245463
5007458
1614596
2682267
8432277
1638371
8878356
2371550
3916299
9345417
3422696
1097235
1636854
1156898
8358748
7563463
5477880
5984452
3756877
8089319
6086548
3256741
1590376
5693356
2472342
1353946
5723293
2770721
4923152
7469035
7143729
7689106
7576766
6645263
5642099
3088979
4053195
4857673
5639750
7085546
7974764
7755358
1961245
2358746
2579243
5499889
7008838
9331725
2395006
5468733
3269725
4414877
5367061
3535983
1758945
9833663
9974835
1612510
7430179
2962060
5490740
3457000
2778138
6791405
8092653
3422250
4375572
1207779
1151024
6438235
1727111
6589425
9191918
7701125
2207750
9678630
9779063
1202914
8984655
9857610
9852126
6175439
4109057
3298533
5497656
6866479
2373290
9275943
2011523
4686879
2281471
4254839
9933858
9911633
5213733
9861339
2176774
1156487
9172267
3645184
7952873
1146158
2797275
8268391
8645492
9359317
7892646
4332460
1344321
5218504
8911292
3608308
8337402
5448333
3598653
4445171
3576672
3638394
9098633
1502744
3398440
1482673
3475827
7996501
8574592
4995898
4317525
5081550
1493487
2497915
6337021
1779165
1616282
7951574
7553285
3061888
5140322
9610271
3834561
5814368
7082923
5699449
7417233
8679614
9181048
6566860
6298837
2729148
4090418
8310756
8622784
7986374
6491208
3255593
4319814
5133403
1759023
3518775
4211055
3809916
7828170
3638618
2037965
4340207
7545446
5175975
4993866
1248112
6788892
6894073
5360987
3798005
3499098
6175879
8104145
1025117
7306811
3001311
5331854
2823028
7540305
7031809
7004180
7663525
1087237
3937434
4759609
2115325
3705878
1674012
8942007
1263896
1734397
4544886
4575136
3912170
4346481
2860981
7713710
9204268
8768774
9503991
4000952
7874464
4125937
5483911
3584705
4158531
6177574
3700954
9029163
5682447
3128994
4900773
2654217
7093034
7604677
5352217
9670098
1415150
4980439
8532156
6487216
8130710
5729771
9707621
4678392
4963969
8581792
9002260
9970613
7818982
1744068
8869868
2322333
3900181
5347220
9998349
7206373
9430758
1807711
6549394
5380848
3367296
1149257
5449316
6663011
5365639
5600042
3998841
9512340
2111203
6426774
3478637
6403744
2426922
9494840
1349115
8190939
7317417
9777943
1103000
5287074
4913172
5529147
8729900
2263181
3925575
3522664
3133293
4228737
3681976
4518601
6951002
4708834
8300796
1784680
2862546
4792165
7664178
5627994
5436431
7552195
1757712
4692536
8117698
9294985
5447368
5202439
4115467
6167692
4178582
3101817
5625236
6302395
6764009
1932749
8743308
6254861
3446251
6831377
9015995
7752217
7050223
9211848
5904711
6371140
1283126
2358374
3870658
9007188
7543070
7439799
2203501
2029091
9194024
7310176
2409806
5310384
6381732
4653886
1290793
7908304
6474491
9257579
7113566
6740994
7670041
5909791
4475039
4322847
1718581
5477234
9657547
1616688
7220414
4934719
3437804
3461018
2812132
8764581
9929162
1447988
3374591
8425831
8725354
9402297
7027488
1756275
6889382
3041945
5955059
7643712
5497066
1568554
7367821
3764496
1929288
5533116
1135768
4664597
2435833
6881225
4201624
4553968
9584241
1404299
7600921
3414228
4879901
4635240
7485623
2381001
9938940
1971721
5449034
7527565
4918807
8932872
5342508
4132693
5181407
9134215
6899432
2614897
2850337
2444766
5560576
9226637
1460712
3568108
4031963
1741715
5363503
5152015
4259657
3592302
5580225
6641134
6685877
8301674
5464239
1969971
5416422
2294839
6385709
7748182
9470577
5811853
9203402
1473941
7410303
9374889
6853067
6349568
3769719
1091701
4635299
1418352
1677639
4597893
8525648
4665495
2957204
4584509
6657684
4696435
8441980
9086929
4890831
1906845
3730564
9163813
6899958
2913086
1310755
5944147
1535666
2845792
1896362
4481994
3111831
7596642
9944974
3918547
4858623
4288454
1721300
1886639
6468931
3753253
5635543
6438877
3864533
7178626
7509753
7532280
5539453
4571003
5023332
4130684
4922734
5241243
9579836
9406505
2140868
8264077
1173859
7491136
3403357
3419180
2834792
9681898
7535761
2309941
7327565
5056888
2155791
1368734
7631859
5954245
6466133
3340928
8927588
9071032
4531403
4168943
5793341
6736102
8717245
8530154
1572534
3603412
2568308
3458862
5907727
8494042
9288751
9668645
4548121
2192547
1906563
9756539
8885151
6187984
4374668
6665169
9990895
9756284
8849935
8910923
7570696
8698842
1345390
2298245
7410529
5886139
8637126
2343650
1800596
1513196
8071977
9566276
7749030
7696957
3412339
3244120
1995635
1231772
6045963
7820744
2345722
1567391
2760696
9124820
1791171
8763360
7852765
5568891
7706985
6999042
4738706
3646035
8161160
1863698
3569121
1176440
8556675
4971274
1023194
6113057
5095794
8783535
7554131
2267342
8389287
6962137
4177408
9089053
3085211
3762643
3720811
9532156
6377338
6849176
8076560
1343865
5683080
4497854
9369751
5316982
6518894
5198959
4704622
2649464
7905061
5325137
9005827
2457566
4691198
2274696
8960731
1280494
8858891
3748753
7263570
7610059
2461358
4659151
1339055
5077059
7073596
5077987
5625635
9091269
9377229
9980788
5050462
3158384
6231714
9941134
6339790
5369734
1156915
5725798
6959030
6795583
9753045
9049787
4463399
7014842
7316121
1107101
2433678
7130772
2751416
6224952
1119679
7989166
2179009
2659476
5123660
2365128
9791280
2216968
4874917
5691686
4213972
2619320
8404283
4162182
5992756
8211479
4946287
9001068
1339020
6879293
8703788
3153291
2891381
9842337
5024016
9855437
2241698
9455027
4903237
5485183
5860230
9313177
7301807
2910364
6121235
3440067
5801662
7712565
6007902
7144749
1380258
1529273
7349599
5044593
4456478
7326759
3199764
1312518
8794678
1560653
3279492
8435737
1525378
6476987
1067041
1258246
9904037
3595978
7005127
7761331
3939031
5516354
6119265
7874441
2669789
5289452
2671530
2528976
8335899
2953141
3778001
4756198
6993344
8809020
8098870
4912156
2405663
9620985
4360274
8587950
3232158
3532809
2852211
3342620
8352711
4242266
8505828
7006249
6963452
5038447
5475243
5811567
4100807
1589776
6039467
4431901
9364239
4948114
1021226
1047503
3084263
1864958
3292525
4312520
1563265
6635809
1438144
9675471
2581952
5909936
8371090
2548643
8426539
8378133
1601596
3347931
6018237
6878426
5360418
5756319
7239641
2993265
9440818
1968061
1637722
1892317
7237834
2799529
6368137
8581633
3021302
4035028
1253736
2983619
5113303
7209319
6876523
4922781
7699167
3098332
4323846
2379456
9544824
7466169
3496865
9442596
1428740
7050986
7319593
6125105
3325631
8557819
5076480
4384963
9287105
5586543
6729364
2974430
5351584
7117055
5026637
5194414
7427251
8747378
6037280
7441080
2597233
3426197
1773441
6444707
5718327
5208216
1995957
5799453
9621992
4588613
4207941
6080172
6915694
4120477
9798094
5586193
2701855
6911441
9247670
6019354
7438780
5330650
3133881
9813701
6616339
4711349
1351777
7472524
9992964
2193855
9469396
8281106
3001696
8529128
6262919
3685544
8623213
6116503
2899217
5826620
3736262
5922907
2098650
6354462
4042655
8811400
9426930
2467760
2847079
3264822
3982014
2492522
8609746
6763021
6984968
3588486
7107807
3344456
5606160
1442894
6654733
5349704
1796931
1104200
9803892
2828290
1666016
7129124
3414701
8782685
3572047
8041974
5423629
7687780
1224689
3981371
4464191
3336407
5790849
1112185
4608253
1952604
1212391
4590404
6110827
2180627
8966233
9662364
5671952
1617671
8016430
5456756
8143089
5238016
7894593
2601358
8491340
7600693
7918206
8087361
8921198
2796894
7339084
3360220
2009969
7564584
1408791
9575781
8433558
2318082
1435449
2844730
3428667
2135253
5372804
5602585
5486457
9380880
6420334
3797051
8466460
1808097
7466650
6532507
5977920
9484735
9962111
9022100
1670084
5723556
3021943
1994408
6004014
7630552
1077030
8938141
4891035
9105897
3534661
5120897
7770593
4111223
4142986
6941391
7829123
3630827
2491126
3431146
8973264
5718920
6514298
3776326
5385560
7615962
5528903
1247398
4366988
2012618
8666225
5871167
8208305
3264467
7804543
4236540
4221377
9023375
6005073
8808539
9039454
2594347
5615662
3410676
3949043
7820986
2768234
1338074
7392105
1004004
2734832
6574170
2231875
2441343
3959729
8907169
7177815
9371638
8147689
9430010
8937450
7003045
1869451
3417652
1879334
3220039
5102345
3360737
6571002
1364167
3435714
9099195
2202254
9414066
5814279
9214946
8926626
2053518
6555147
4081409
2273730
9422404
8844327
4545102
3699176
3369080
3476424
1218735
9524270
5779577
2911670
1312122
2407022
3817300
9991041
9968533
7513656
8904643
7538442
6982909
4024495
3861251
2801131
4622370
7027328
6582083
2431940
8796398
5537920
5862648
6178467
4788838
8688930
8312142
9557327
1752809
8580241
5827320
9395249
2001750
4004976
8836136
8389792
9591563
1137516
3953179
2873800
4499848
6445498
6144715
2091125
8787825
8252210
3183688
3362690
8348594
4112711
4586145
9252376
4536509
3934882
1282684
3743845
6820911
8784155
9460933
4465948
9991440
2352596
5080643
6782370
7979193
7342897
1761222
4208220
1795024
4345271
3524029
5127506
1805551
9766912
8856932
5096768
8166371
9535129
4090681
5062544
6753208
9845648
1660216
3601522
1326237
1221854
5651845
2325822
4744451
2990448
6244545
1274983
9393795
8113309
8702734
1653884
9863238
4136536
2806109
8297134
9710309
1034751
5109013
3226032
4589023
6784785
5428957
6911799
1416246
7356861
7358022
8550369
7609830
1962645
4531352
9521138
1051907
9360097
5806008
5799929
9124526
3874320
2604594
8699857
9186739
4365706
1488553
5967235
9582978
8639393
8252312
2475977
6158729
1484005
3699076
7705005
7496298
6717142
6726528
6102352
4506270
3677940
3575260
8936391
7043878
3308531
6414892
8036192
9217961
3054667
1717488
1684034
2865135
7678251
6424101
1332082
4648312
7266893
8597991
8520434
5450426
8950437
9871745
6008516
8429366
1247027
4813971
2778892
7040694
1316152
8281502
7461139
9094245
5298308
4352112
2453160
4922890
7720942
1003239
1277281
1084835
4701022
4051875
4057407
8696986
9591044
6120396
1057071
3453990
1821419
9027900
7590445
3378497
2609768
5383627
4531395
4977217
1480876
5230198
7312816
7945174
7525241
7492267
9000483
3396127
5586290
8502196
7975334
2509481
3085386
2828349
4146968
5917957
3970718
5941764
7720403
1582788
9448799
9262876
2839532
7067537
4475880
4833117
9839256
7297196
4759534
5267627
9114603
9112063
8212181
4045857
6430716
9765342
6004703
7911259
9078117
2444768
4003391
7574301
2437863
3403796
4478028
7442340
7614698
4238818
9151761
4806918
1309409
2612224
9599105
6396424
3076812
6701261
9490696
6199804
1170775
3032525
8285884
4354453
6296736
2793986
9751090
7520521
2865046
8940323
8081965
8923297
8254205
9912188
6865522
1292256
3468941
6568865
5840375
2595342
3215290
3440336
1816890
3907488
3996623
6418722
4954605
4621125
9395060
6530414
2591630
6010895
3862734
2720955
2232917
1997180
4998533
5474783
2114759
1100833
5794913
6589176
4892968
8469362
8592909
6860678
7320269
7939568
3554430
4311460
4084303
4479471
5394733
1319009
4143388
6502915
2222144
3598207
9043175
8800903
2858951
1805448
1191936
6129097
6297185
4566663
8197758
7885269
7285439
4367338
1613528
5275549
9391232
3278322
4940115
5401026
4150332
9975252
8733013
1685377
5286237
2443952
6696281
2519101
9059559
1971371
3430012
1547684
8716568
1035179
6025460
9110209
8755049
9251118
5796128
1106590
5547765
2585287
3997625
2086484
8655601
5826295
6864872
9034545
1948441
8116260
6292274
1527492
2103212
9208568
2674638
1789767
9109453
3918041
8419096
3194537
1653387
9188992
6428957
2188984
1882938
8845240
2127254
7758696
9821440
1879798
2588850
6579586
3983788
8723151
3834380
1247852
5144192
3705754
8166268
9804433
7755919
8237538
4332169
2998957
5384129
5005320
8318076
8462966
4284276
8025012
7818320
7862954
7175421
4570613
3744133
9284850
5887436
9192253
8522899
9439472
7985581
8026226
5172668
2056874
1731115
2479346
7731067
9410066
6469519
6664742
6615960
8890033
5425158
6614017
8113117
9160560
5990176
1291926
2599971
8891331
9379381
7100564
5442629
8194482
2340578
8747295
9626230
7462597
1462257
5205579
1568111
9471692
7999383
8763767
7843776
5589448
3764310
8354244
1851464
4529978
9446403
2711345
7756160
6941509
9603810
7739029
8583281
6644546
7445293
4111095
1078598
2884513
4169396
6959693
5450620
4056502
2779678
6808336
1285045
4622888
3580749
1706552
2647340
4732145
6713312
5729220
3056146
7659345
1800858
1771513
7616535
5990399
1531085
2316983
7378306
2563719
8220592
2680905
7318551
3223499
9636160
3687722
1951043
9939924
2639924
1217016
3013098
6185044
9709405
9114950
3140684
9779332
7682200
8239760
7764819
2116908
9573100
2396617
4559291
5141121
9100743
6986577
5607518
1872936
1955856
7966467
3387803
2175833
7665768
4166250
2184674
1489311
6117699
1186707
6217119
2549499
4874588
7438077
4305409
9176040
7175770
8986669
3126310
1868026
3051837
3599774
4646757
4083744
7599748
2194582
2821879
9291528
5644639
8919636
2277954
3550945
1929676
1422950
3397124
6759100
8023121
2324503
8487513
4668236
9373460
1892100
7937320
8768268
6554330
9281807
2414448
7528255
4260698
9321389
5448811
1804115
1984702
7786971
9548252
3431839
8382453
3294574
1178426
9905164
6588599
8328839
6987449
8296463
9549591
3246501
2988849
1930708
2699966
2889044
3805677
5948918
8563401
4785347
1815827
5569835
6238785
3455603
2104811
9089917
8046131
3943756
4204941
8823603
7673964
7114378
3983915
9623118
9306771
1750868
7698168
4152751
3594723
1823533
3942837
7818966
3505283
5188931
3453398
7585029
6588675
3901093
8901333
3615363
3736949
8222098
6305106
3118076
9205542
2867756
8050853
8127365
2096632
5939212
2015874
9448382
5727197
9109679
2437960
9229265
3164466
2876429
2705702
9810454
2816565
6623050
2168938
5736729
7659237
5641094
5752616
3651891
3449525
1757007
2422403
6147284
3436460
4115766
3976731
9739811
5680092
3690047
7525523
6808700
1826684
9035505
9285885
9653080
8333349
1345678
9000485
1618379
7763557
4120541
2662903
5862310
9936451
7456675
2158157
5089980
8574673
6187824
4989209
6787330
9718951
6159253
7009964
3830416
2138305
2239027
6058976
6494340
5341431
6014190
7540840
3181893
4817493
8890433
1739698
1809509
3176982
2234667
4894326
5891680
2632450
1713288
1670302
1635841
9578273
4830266
5679122
1121316
3634971
8260166
2901855
9392726
2510829
9320443
3741955
8618584
8880970
5966860
9759127
1310595
6270284
5909375
5567385
8709317
9530773
7871038
2405462
1470665
5579975
2208395
4209136
8073717
8847387
3975313
7656785
1245389
9190434
8793813
7231469
7097909
9110870
9280779
5964269
2631827
6239388
9489285
7851261
5374931
6501849
2104839
2687155
7786564
8493102
1557301
1352602
3329440
7292177
7320813
4039899
1768808
8357769
3476401
7198983
7519918
5921286
8616445
4410756
4183084
5722522
3010232
5176017
7499090
8270104
6651909
1699255
9710749
4337032
7860408
9910926
4979363
4257283
6642598
7580457
5392811
3034097
2853717
2638239
6140344
9351581
9187538
6704759
4267559
3968498
6973730
4081519
2446830
2783189
1895824
7881385
4152132
8484702
4645221
8994739
6114912
6532916
4458550
3440113
8672217
2561091
5093527
2777385
6847852
3469533
1272429
1580907
7436380
3177514
1505698
6591067
1479604
5729357
7818993
2530716
5395368
3376662
1566881
6753499
6908634
3753693
4319950
7968501
6047736
7153665
7238242
1258822
4608194
3186365
2144995
2143503
7903721
6559012
5961767
3935427
3121747
6073337
2604130
7296622
9461499
9459949
7595424
7616387
1724086
4975989
2504846
3632576
1816656
8660615
1834674
5007872
7314581
3323570
2489659
9353629
3213035
6928600
6878194
5275583
5954844
9948297
8971984
7035206
1323442
3211772
2929450
5117520
8014203
3124012
3726728
1612263
4345260
1134541
4737811
3237642
5002466
8815785
2153708
7499350
3835268
9334620
5140057
5798033
8327299
2764840
5681242
1983188
5326339
9964534
1778458
3796306
4314964
8319018
4865473
4568968
9051161
5595489
3440806
1422979
7179465
9303242
8113634
3022409
3830100
2267102
2639232
8653157
2013213
6252989
8814480
8215507
3899110
9480102
4309530
1774723
7334730
7028691
6994736
2462029
1530659
7275823
6672989
4468338
4847627
1168181
6496953
5087435
2404096
9041382
5621790
2129745
4239265
1870054
7580341
4844296
2300309
5271412
6701033
4097352
4886091
9012933
6267454
4222505
2489947
3493371
2570810
2066314
9786571
9024903
8203649
6262654
4710895
5662296
6160831
5995285
6891048
1142078
7337149
1181698
5926796
9264864
1660119
4424238
9979238
8544086
2814469
3986328
8446292
4658212
2056853
7460839
1534671
2380180
1008761
4649870
5565320
7257007
5065404
8782682
1235181
8188119
6269968
7746651
3595082
4909316
7388036
9779820
7668173
5724377
6490321
7432801
7517026
1625698
8212883
9438285
9440829
7866733
2409301
5948781
6656501
7608898
8785541
3780405
1666829
8953472
9239175
7866420
2614543
4313237
5168485
5697062
2561106
5040089
6429795
3420054
3872474
1010504
3128944
4987182
2259550
7280794
5854777
8335517
8330980
7588097
3263448
9785891
3879433
1559998
6953322
5576508
3460637
4861025
3328959
2373414
1671786
6346715
4278954
7150097
5554262
8075457
4481783
5716899
7935774
4293471
5107772
6197157
7233794
7311543
7623112
1476813
7617984
6626389
7613049
2924200
3686392
3697424
9267562
4210852
8683438
4265119
2139593
7462071
1438894
9967573
3765254
5972912
4746890
2094202
6019751
3447128
6787135
5427272
9339448
6049028
5132342
6049727
9238624
2251066
7846566
5062181
9007823
3671038
2981270
9544094
8179092
3293496
1228608
7691427
7650635
8766915
1414225
7278882
7800307
2970068
6862350
4155442
3705246
7376325
2933648
9763506
6769857
3347901
4714544
8908733
7281259
2572094
3861117
2734795
3482899
8872715
1850730
1889319
7859082
2906356
6679557
4054792
9344335
7755711
6094562
1742543
3947073
2305013
1454230
1284188
5190127
5624454
4315743
2721229
7044300
2160282
8197281
8174485
3136510
1505013
8732555
5904564
4973397
1485061
3583960
8834520
1947929
4047435
9223922
8710992
9877244
9009188
4791729
6827945
8298990
3827635
1856064
3834727
9519695
4747757
7808672
4012898
7096576
2469889
7371526
1575290
4853650
1909026
8160800
9662456
1268832
2980594
1296374
1641602
1933049
7613900
9287851
2015035
5606773
8360110
1085282
7571445
2164777
9517762
9458045
3023635
3597493
3370375
8010048
5238656
5306746
9801825
3966292
8804806
5068393
4861497
8475240
2708620
4192631
7541650
5751794
5709103
1719596
9355946
7017107
7998907
1380443
2961672
8253785
1108294
7385900
1781417
3630558
1466153
4165013
9612097
6296525
7307868
9802983
2656752
6117317
6056045
9599940
1941250
4430101
7713373
2667183
4261347
2202279
2775319
3413180
3120222
5020090
6003085
1118566
6384912
1114440
8414513
9345663
2047597
3366598
4286349
3918146
9651822
9760458
8957120
3193028
9108374
6024646
6201174
3141321
5526304
8168114
4476802
8046323
7828615
3209032
7089339
1771606
4816177
4340457
4212336
7999719
7625913
1835421
5770280
5948306
7376855
8163256
8670266
7902890
4391407
9805656
9264294
5317243
9823946
3810831
6111163
3775861
2766540
5149526
8866847
7886092
1883629
3523540
3419531
8974434
1110417
5482163
1774049
1589017
6245841
7474794
8934011
8994008
8370431
4213587
3647923
8541622
5032646
3871402
8626719
2270337
9276464
7175588
8879258
9378666
5283714
9106345
6113021
7103761
9983746
5863152
6990509
3397225
9989593
3574326
9745678
5834440
1509715
4666523
4575126
8572046
9122498
3161433
2850108
2371631
7365570
2124257
3335630
4711262
5118872
5558932
4659554
2621399
5721268
4894299
4125732
9491465
5365782
4169827
6586703
7939679
1124173
1475768
5465015
4088938
4196889
7307389
7296770
3759533
4757554
8019334
6307127
5771588
2575522
5451858
8623086
5281521
8662989
4053736
5310183
4343876
7385169
3311116
2582839
6347111
6505160
8095134
1257373
5946051
1984106
7495568
2282739
6094355
1443664
6455362
8503424
3962179
8252371
6489468
1258858
3703748
9743891
2374663
2306249
6525295
2408084
8786728
3388118
4459475
6555010
4304186
8818306
1133149
5048341
3765159
3383011
4570275
6081167
3793091
7563913
8151053
7394594
6526149
6299631
1818016
2414960
2237282
7518285
9553448
1278442
5088008
1333131
2399362
9452313
1909044
1460943
8604035
9920699
8925168
5607799
9950664
4950661
5316012
7372067
8736476
7719368
9193400
6123177
8939391
6647214
3457372
6146412
8508441
9091427
1549909
3021255
3759355
1440080
3256044
6547042
3233421
5535682
3841459
5593511
8257306
9285929
2373855
1776335
1833397
3872765
8696061
3184278
1239366
9873147
4972179
7430349
9076084
5059981
3048788
3323982
7334065
8798408
1801150
6210185
1580573
4720207
2195924
4388221
7665304
6601045
3535923
1396099
5655143
6539647
5120724
4695428
1767425
1834343
2841757
4700299
6598007
5397245
8675620
7939765
9310527
8062792
6881281
1310149
4405916
9991370
1483086
1017492
6071979
7105794
3596541
6506661
6814731
1913291
7275223
2022999
5243306
6681314
3327437
1852915
2035113
3600709
6666940
8759334
7107691
2379510
6996418
4312776
4898175
6126687
3656951
8723610
7777447
1656207
2799435
1134927
8820677
7837090
8899770
1961217
7646689
4206783
3001902
6443972
4887129
6174651
2605041
3852504
9182630
6774620
8688140
8871480
8231110
5783480
9718529
8834319
4187852
7940795
5158306
8662282
3674880
7239686
1718861
5469512
3653876
7872821
1808901
4241711
8112420
1050809
1930605
7623256
3803464
1985572
4208675
3895530
9506298
3072452
5179318
3839172
5821823
7648166
7756486
3472980
3456692
9642108
8981879
1807557
7451095
5379033
1533649
1514709
8268846
6235032
3962743
3748484
6512343
8326685
1537410
7108904
3069294
2492723
4479610
2164062
6244052
5487253
6822576
3128283
2352290
7513864
4387643
4438432
8491562
5693221
3773773
5234316
7857830
6473269
5991281
8541003
4240960
4301428
7715811
2347436
7631613
7724408
4168844
9271953
2803271
2698475
4585176
7128383
7056405
3061876
7674358
2869205
9702201
3085429
8662443
2814490
6155142
6360301
3998675
5066543
2503643
8630077
7929974
8328291
1275281
5377735
2763459
2872165
9148285
1312882
2795372
1494100
4252450
2756554
3538845
7505075
6560310
2196293
1607066
7480056
8071567
4040672
5917364
4546051
2066346
3965288
4940583
5843052
9647512
6092181
1839187
3778485
6848070
7251345
9506709
3602591
1352743
5257878
1972162
2874840
9152320
3100852
8788031
4796305
6608335
7741746
8103104
4681134
4880921
6860300
9438939
4367063
2083151
2278939
7779400
5691564
7840348
6147603
2599160
2181653
8303758
4330470
4975950
9537975
4470878
5534085
6098814
1406658
4765342
2591046
4286529
2532967
3225534
3932065
3154866
2340583
5591418
6522196
2952584
3860743
2146020
2525351
3042673
2804384
4908233
4508426
8025607
2885650
6814915
6926298
6707953
4891288
1018587
3407746
2854873
5534007
5292760
5241214
7492805
6293841
8342952
8335099
6745876
3510934
9503658
3982746
2189463
9571482
4296022
4911956
7298954
7941185
9080266
3790968
9364526
9284438
4725681
8144015
2548932
1275771
8978962
9945056
5985448
7871483
8343219
1796047
5328519
4802107
9873831
4728224
7780542
2602256
4830203
7929945
3363664
8565930
3246457
4015302
8915652
1137069
6332183
4415446
5810329
7775968
8067776
7518499
4175719
2512446
5776700
3051855
6338260
7352490
3510846
1556681
6315887
2659776
5890058
9584239
4608172
5277639
2172033
4566222
7358716
2296450
4541322
9882180
6735177
4376869
8683871
8404871
3884811
3594213
8564145
3899134
5775178
1597352
9275769
6401037
4146480
8986076
7634909
2385966
9870218
3783588
3271162
8337850
3487771
8510956
2196756
4263112
1686045
8604765
6078487
9075948
7098133
1171436
5069897
9191009
6907089
4597133
3103823
2126785
5516481
5748166
5244569
8474544
3025520
9679902
7517290
6576857
8451357
1677556
9147527
7908112
3084730
3571819
3728252
6468375
2379264
3465155
1242437
3658108
3649325
2926531
2013792
3325280
7817052
5481042
2507949
2644690
4119935
3291174
8439870
9348633
7822202
9433684
3606401
1367120
3237343
5274309
7987271
9831980
3706114
6076425
1946096
6343450
2751545
6820293
5319861
8167747
6299634
1728392
2972370
2104369
6431665
3528700
1235854
9005003
3022436
7281464
6687208
8958268
6943268
6594930
6067808
7728498
5672650
9446802
8948575
8349251
2473964
6716833
5188612
6166378
9821427
8236640
6210059
6252142
6936858
3625270
8894684
1545251
8908421
1107393
7442094
5769418
2456508
5850253
1306774
6219027
9438914
8264546
3282544
2978052
1349142
1341879
6618472
3768753
2349893
7885445
8663014
8871723
3975786
7907127
7247956
7178230
6802628
4798781
9934477
9322289
6860914
5870912
3008291
8023706
5225229
8691440
2969997
4767210
3815970
9282233
9689515
1800028
2354698
1724499
1231928
1531148
3433000
8233016
4868683
2679802
6355519
6575281
7591946
5144877
5454638
9347210
6388779
7262772
7786377
6467556
1352488
4891400
1790292
5889833
8815295
2595021
9151838
3523098
2909347
1805367
2727096
1013124
5601730
9376010
5042641
6112465
1273268
3858105
6301807
4201402
3877309
1077360
7824012
4518874
9457343
5271021
5470987
3712350
5343231
2498377
3186901
3464409
8090833
2660245
2419284
6640052
8815907
4812895
4732108
5646786
4977828
9270932
8556369
2080818
4868559
8478655
7776233
6240862
2830488
3821424
3995134
5673472
8003249
1026168
1708352
7881027
9686073
9653584
9701269
8819575
7921282
3445337
6079166
4951775
7283901
4831486
8736903
5747749
5198725
6453813
1793386
5080814
6657476
9751205
7637954
5405703
5097990
2017058
7724519
4428414
8663640
6599059
3089834
5410446
9233948
5433589
6185326
8997426
3209068
6228600
1033377
9709850
8420521
4664583
9044438
8367035
2035295
6309861
1415681
9582785
9005206
6915187
8874766
9683616
4603064
9025806
1209246
6128456
2920602
4276885
5572766
1942135
2188393
5637448
4468486
7122600
4977586
5822347
4218603
1403113
4074445
4972938
3486850
9578826
1873127
4116407
1899954
4342577
8772523
8294448
3587988
6683659
