0
123456789
2
123456789
4
123456789
6
123456789
8
123456789
10
123456789
12
123456789
14
123456789
16
123456789
18
123456789
20
123456789
22
123456789
24
123456789
26
123456789
28
123456789
30
123456789
32
123456789
34
123456789
36
123456789
38
123456789
40
123456789
42
123456789
44
123456789
46
123456789
48
123456789
50
123456789
52
123456789
54
123456789
56
123456789
58
123456789
60
123456789
62
123456789
64
123456789
66
123456789
68
123456789
70
123456789
72
123456789
74
123456789
76
123456789
78
123456789
80
123456789
82
123456789
84
123456789
86
123456789
88
123456789
90
123456789
92
123456789
94
123456789
96
123456789
98
123456789
100
123456789
102
123456789
104
123456789
106
123456789
108
123456789
110
123456789
112
123456789
114
123456789
116
123456789
118
123456789
120
123456789
122
123456789
124
123456789
126
123456789
128
123456789
130
123456789
132
123456789
134
123456789
136
123456789
138
123456789
140
123456789
142
123456789
144
123456789
146
123456789
148
123456789
150
123456789
152
123456789
154
123456789
156
123456789
158
123456789
160
123456789
162
123456789
164
123456789
166
123456789
168
123456789
170
123456789
172
123456789
174
123456789
176
123456789
178
123456789
180
123456789
182
123456789
184
123456789
186
123456789
188
123456789
190
123456789
192
123456789
194
123456789
196
123456789
198
123456789
200
123456789
202
123456789
204
123456789
206
123456789
208
123456789
210
123456789
212
123456789
214
123456789
216
123456789
218
123456789
220
123456789
222
123456789
224
123456789
226
123456789
228
123456789
230
123456789
232
123456789
234
123456789
236
123456789
238
123456789
240
123456789
242
123456789
244
123456789
246
123456789
248
123456789
250
123456789
252
123456789
254
123456789
256
123456789
258
123456789
260
123456789
262
123456789
264
123456789
266
123456789
268
123456789
270
123456789
272
123456789
274
123456789
276
123456789
278
123456789
280
123456789
282
123456789
284
123456789
286
123456789
288
123456789
290
123456789
292
123456789
294
123456789
296
123456789
298
123456789
300
123456789
302
123456789
304
123456789
306
123456789
308
123456789
310
123456789
312
123456789
314
123456789
316
123456789
318
123456789
320
123456789
322
123456789
324
123456789
326
123456789
328
123456789
330
123456789
332
123456789
334
123456789
336
123456789
338
123456789
340
123456789
342
123456789
344
123456789
346
123456789
348
123456789
350
123456789
352
123456789
354
123456789
356
123456789
358
123456789
360
123456789
362
123456789
364
123456789
366
123456789
368
123456789
370
123456789
372
123456789
374
123456789
376
123456789
378
123456789
380
123456789
382
123456789
384
123456789
386
123456789
388
123456789
390
123456789
392
123456789
394
123456789
396
123456789
398
123456789
400
123456789
402
123456789
404
123456789
406
123456789
408
123456789
410
123456789
412
123456789
414
123456789
416
123456789
418
123456789
420
123456789
422
123456789
424
123456789
426
123456789
428
123456789
430
123456789
432
123456789
434
123456789
436
123456789
438
123456789
440
123456789
442
123456789
444
123456789
446
123456789
448
123456789
450
123456789
452
123456789
454
123456789
456
123456789
458
123456789
460
123456789
462
123456789
464
123456789
466
123456789
468
123456789
470
123456789
472
123456789
474
123456789
476
123456789
478
123456789
480
123456789
482
123456789
484
123456789
486
123456789
488
123456789
490
123456789
492
123456789
494
123456789
496
123456789
498
123456789
500
123456789
502
123456789
504
123456789
506
123456789
508
123456789
510
123456789
512
123456789
514
123456789
516
123456789
518
123456789
520
123456789
522
123456789
524
123456789
526
123456789
528
123456789
530
123456789
532
123456789
534
123456789
536
123456789
538
123456789
540
123456789
542
123456789
544
123456789
546
123456789
548
123456789
550
123456789
552
123456789
554
123456789
556
123456789
558
123456789
560
123456789
562
123456789
564
123456789
566
123456789
568
123456789
570
123456789
572
123456789
574
123456789
576
123456789
578
123456789
580
123456789
582
123456789
584
123456789
586
123456789
588
123456789
590
123456789
592
123456789
594
123456789
596
123456789
598
123456789
600
123456789
602
123456789
604
123456789
606
123456789
608
123456789
610
123456789
612
123456789
614
123456789
616
123456789
618
123456789
620
123456789
622
123456789
624
123456789
626
123456789
628
123456789
630
123456789
632
123456789
634
123456789
636
123456789
638
123456789
640
123456789
642
123456789
644
123456789
646
123456789
648
123456789
650
123456789
652
123456789
654
123456789
656
123456789
658
123456789
660
123456789
662
123456789
664
123456789
666
123456789
668
123456789
670
123456789
672
123456789
674
123456789
676
123456789
678
123456789
680
123456789
682
123456789
684
123456789
686
123456789
688
123456789
690
123456789
692
123456789
694
123456789
696
123456789
698
123456789
700
123456789
702
123456789
704
123456789
706
123456789
708
123456789
710
123456789
712
123456789
714
123456789
716
123456789
718
123456789
720
123456789
722
123456789
724
123456789
726
123456789
728
123456789
730
123456789
732
123456789
734
123456789
736
123456789
738
123456789
740
123456789
742
123456789
744
123456789
746
123456789
748
123456789
750
123456789
752
123456789
754
123456789
756
123456789
758
123456789
760
123456789
762
123456789
764
123456789
766
123456789
768
123456789
770
123456789
772
123456789
774
123456789
776
123456789
778
123456789
780
123456789
782
123456789
784
123456789
786
123456789
788
123456789
790
123456789
792
123456789
794
123456789
796
123456789
798
123456789
800
123456789
802
123456789
804
123456789
806
123456789
808
123456789
810
123456789
812
123456789
814
123456789
816
123456789
818
123456789
820
123456789
822
123456789
824
123456789
826
123456789
828
123456789
830
123456789
832
123456789
834
123456789
836
123456789
838
123456789
840
123456789
842
123456789
844
123456789
846
123456789
848
123456789
850
123456789
852
123456789
854
123456789
856
123456789
858
123456789
860
123456789
862
123456789
864
123456789
866
123456789
868
123456789
870
123456789
872
123456789
874
123456789
876
123456789
878
123456789
880
123456789
882
123456789
884
123456789
886
123456789
888
123456789
890
123456789
892
123456789
894
123456789
896
123456789
898
123456789
900
123456789
902
123456789
904
123456789
906
123456789
908
123456789
910
123456789
912
123456789
914
123456789
916
123456789
918
123456789
920
123456789
922
123456789
924
123456789
926
123456789
928
123456789
930
123456789
932
123456789
934
123456789
936
123456789
938
123456789
940
123456789
942
123456789
944
123456789
946
123456789
948
123456789
950
123456789
952
123456789
954
123456789
956
123456789
958
123456789
960
123456789
962
123456789
964
123456789
966
123456789
968
123456789
970
123456789
972
123456789
974
123456789
976
123456789
978
123456789
980
123456789
982
123456789
984
123456789
986
123456789
988
123456789
990
123456789
992
123456789
994
123456789
996
123456789
998
123456789
1000
123456789
1002
123456789
1004
123456789
1006
123456789
1008
123456789
1010
123456789
1012
123456789
1014
123456789
1016
123456789
1018
123456789
1020
123456789
1022
123456789
1024
123456789
1026
123456789
1028
123456789
1030
123456789
1032
123456789
1034
123456789
1036
123456789
1038
123456789
1040
123456789
1042
123456789
1044
123456789
1046
123456789
1048
123456789
1050
123456789
1052
123456789
1054
123456789
1056
123456789
1058
123456789
1060
123456789
1062
123456789
1064
123456789
1066
123456789
1068
123456789
1070
123456789
1072
123456789
1074
123456789
1076
123456789
1078
123456789
1080
123456789
1082
123456789
1084
123456789
1086
123456789
1088
123456789
1090
123456789
1092
123456789
1094
123456789
1096
123456789
1098
123456789
1100
123456789
1102
123456789
1104
123456789
1106
123456789
1108
123456789
1110
123456789
1112
123456789
1114
123456789
1116
123456789
1118
123456789
1120
123456789
1122
123456789
1124
123456789
1126
123456789
1128
123456789
1130
123456789
1132
123456789
1134
123456789
1136
123456789
1138
123456789
1140
123456789
1142
123456789
1144
123456789
1146
123456789
1148
123456789
1150
123456789
1152
123456789
1154
123456789
1156
123456789
1158
123456789
1160
123456789
1162
123456789
1164
123456789
1166
123456789
1168
123456789
1170
123456789
1172
123456789
1174
123456789
1176
123456789
1178
123456789
1180
123456789
1182
123456789
1184
123456789
1186
123456789
1188
123456789
1190
123456789
1192
123456789
1194
123456789
1196
123456789
1198
123456789
1200
123456789
1202
123456789
1204
123456789
1206
123456789
1208
123456789
1210
123456789
1212
123456789
1214
123456789
1216
123456789
1218
123456789
1220
123456789
1222
123456789
1224
123456789
1226
123456789
1228
123456789
1230
123456789
1232
123456789
1234
123456789
1236
123456789
1238
123456789
1240
123456789
1242
123456789
1244
123456789
1246
123456789
1248
123456789
1250
123456789
1252
123456789
1254
123456789
1256
123456789
1258
123456789
1260
123456789
1262
123456789
1264
123456789
1266
123456789
1268
123456789
1270
123456789
1272
123456789
1274
123456789
1276
123456789
1278
123456789
1280
123456789
1282
123456789
1284
123456789
1286
123456789
1288
123456789
1290
123456789
1292
123456789
1294
123456789
1296
123456789
1298
123456789
1300
123456789
1302
123456789
1304
123456789
1306
123456789
1308
123456789
1310
123456789
1312
123456789
1314
123456789
1316
123456789
1318
123456789
1320
123456789
1322
123456789
1324
123456789
1326
123456789
1328
123456789
1330
123456789
1332
123456789
1334
123456789
1336
123456789
1338
123456789
1340
123456789
1342
123456789
1344
123456789
1346
123456789
1348
123456789
1350
123456789
1352
123456789
1354
123456789
1356
123456789
1358
123456789
1360
123456789
1362
123456789
1364
123456789
1366
123456789
1368
123456789
1370
123456789
1372
123456789
1374
123456789
1376
123456789
1378
123456789
1380
123456789
1382
123456789
1384
123456789
1386
123456789
1388
123456789
1390
123456789
1392
123456789
1394
123456789
1396
123456789
1398
123456789
1400
123456789
1402
123456789
1404
123456789
1406
123456789
1408
123456789
1410
123456789
1412
123456789
1414
123456789
1416
123456789
1418
123456789
1420
123456789
1422
123456789
1424
123456789
1426
123456789
1428
123456789
1430
123456789
1432
123456789
1434
123456789
1436
123456789
1438
123456789
1440
123456789
1442
123456789
1444
123456789
1446
123456789
1448
123456789
1450
123456789
1452
123456789
1454
123456789
1456
123456789
1458
123456789
1460
123456789
1462
123456789
1464
123456789
1466
123456789
1468
123456789
1470
123456789
1472
123456789
1474
123456789
1476
123456789
1478
123456789
1480
123456789
1482
123456789
1484
123456789
1486
123456789
1488
123456789
1490
123456789
1492
123456789
1494
123456789
1496
123456789
1498
123456789
1500
123456789
1502
123456789
1504
123456789
1506
123456789
1508
123456789
1510
123456789
1512
123456789
1514
123456789
1516
123456789
1518
123456789
1520
123456789
1522
123456789
1524
123456789
1526
123456789
1528
123456789
1530
123456789
1532
123456789
1534
123456789
1536
123456789
1538
123456789
1540
123456789
1542
123456789
1544
123456789
1546
123456789
1548
123456789
1550
123456789
1552
123456789
1554
123456789
1556
123456789
1558
123456789
1560
123456789
1562
123456789
1564
123456789
1566
123456789
1568
123456789
1570
123456789
1572
123456789
1574
123456789
1576
123456789
1578
123456789
1580
123456789
1582
123456789
1584
123456789
1586
123456789
1588
123456789
1590
123456789
1592
123456789
1594
123456789
1596
123456789
1598
123456789
1600
123456789
1602
123456789
1604
123456789
1606
123456789
1608
123456789
1610
123456789
1612
123456789
1614
123456789
1616
123456789
1618
123456789
1620
123456789
1622
123456789
1624
123456789
1626
123456789
1628
123456789
1630
123456789
1632
123456789
1634
123456789
1636
123456789
1638
123456789
1640
123456789
1642
123456789
1644
123456789
1646
123456789
1648
123456789
1650
123456789
1652
123456789
1654
123456789
1656
123456789
1658
123456789
1660
123456789
1662
123456789
1664
123456789
1666
123456789
1668
123456789
1670
123456789
1672
123456789
1674
123456789
1676
123456789
1678
123456789
1680
123456789
1682
123456789
1684
123456789
1686
123456789
1688
123456789
1690
123456789
1692
123456789
1694
123456789
1696
123456789
1698
123456789
1700
123456789
1702
123456789
1704
123456789
1706
123456789
1708
123456789
1710
123456789
1712
123456789
1714
123456789
1716
123456789
1718
123456789
1720
123456789
1722
123456789
1724
123456789
1726
123456789
1728
123456789
1730
123456789
1732
123456789
1734
123456789
1736
123456789
1738
123456789
1740
123456789
1742
123456789
1744
123456789
1746
123456789
1748
123456789
1750
123456789
1752
123456789
1754
123456789
1756
123456789
1758
123456789
1760
123456789
1762
123456789
1764
123456789
1766
123456789
1768
123456789
1770
123456789
1772
123456789
1774
123456789
1776
123456789
1778
123456789
1780
123456789
1782
123456789
1784
123456789
1786
123456789
1788
123456789
1790
123456789
1792
123456789
1794
123456789
1796
123456789
1798
123456789
1800
123456789
1802
123456789
1804
123456789
1806
123456789
1808
123456789
1810
123456789
1812
123456789
1814
123456789
1816
123456789
1818
123456789
1820
123456789
1822
123456789
1824
123456789
1826
123456789
1828
123456789
1830
123456789
1832
123456789
1834
123456789
1836
123456789
1838
123456789
1840
123456789
1842
123456789
1844
123456789
1846
123456789
1848
123456789
1850
123456789
1852
123456789
1854
123456789
1856
123456789
1858
123456789
1860
123456789
1862
123456789
1864
123456789
1866
123456789
1868
123456789
1870
123456789
1872
123456789
1874
123456789
1876
123456789
1878
123456789
1880
123456789
1882
123456789
1884
123456789
1886
123456789
1888
123456789
1890
123456789
1892
123456789
1894
123456789
1896
123456789
1898
123456789
1900
123456789
1902
123456789
1904
123456789
1906
123456789
1908
123456789
1910
123456789
1912
123456789
1914
123456789
1916
123456789
1918
123456789
1920
123456789
1922
123456789
1924
123456789
1926
123456789
1928
123456789
1930
123456789
1932
123456789
1934
123456789
1936
123456789
1938
123456789
1940
123456789
1942
123456789
1944
123456789
1946
123456789
1948
123456789
1950
123456789
1952
123456789
1954
123456789
1956
123456789
1958
123456789
1960
123456789
1962
123456789
1964
123456789
1966
123456789
1968
123456789
1970
123456789
1972
123456789
1974
123456789
1976
123456789
1978
123456789
1980
123456789
1982
123456789
1984
123456789
1986
123456789
1988
123456789
1990
123456789
1992
123456789
1994
123456789
1996
123456789
1998
123456789
2000
123456789
2002
123456789
2004
123456789
2006
123456789
2008
123456789
2010
123456789
2012
123456789
2014
123456789
2016
123456789
2018
123456789
2020
123456789
2022
123456789
2024
123456789
2026
123456789
2028
123456789
2030
123456789
2032
123456789
2034
123456789
2036
123456789
2038
123456789
2040
123456789
2042
123456789
2044
123456789
2046
123456789
2048
123456789
2050
123456789
2052
123456789
2054
123456789
2056
123456789
2058
123456789
2060
123456789
2062
123456789
2064
123456789
2066
123456789
2068
123456789
2070
123456789
2072
123456789
2074
123456789
2076
123456789
2078
123456789
2080
123456789
2082
123456789
2084
123456789
2086
123456789
2088
123456789
2090
123456789
2092
123456789
2094
123456789
2096
123456789
2098
123456789
2100
123456789
2102
123456789
2104
123456789
2106
123456789
2108
123456789
2110
123456789
2112
123456789
2114
123456789
2116
123456789
2118
123456789
2120
123456789
2122
123456789
2124
123456789
2126
123456789
2128
123456789
2130
123456789
2132
123456789
2134
123456789
2136
123456789
2138
123456789
2140
123456789
2142
123456789
2144
123456789
2146
123456789
2148
123456789
2150
123456789
2152
123456789
2154
123456789
2156
123456789
2158
123456789
2160
123456789
2162
123456789
2164
123456789
2166
123456789
2168
123456789
2170
123456789
2172
123456789
2174
123456789
2176
123456789
2178
123456789
2180
123456789
2182
123456789
2184
123456789
2186
123456789
2188
123456789
2190
123456789
2192
123456789
2194
123456789
2196
123456789
2198
123456789
2200
123456789
2202
123456789
2204
123456789
2206
123456789
2208
123456789
2210
123456789
2212
123456789
2214
123456789
2216
123456789
2218
123456789
2220
123456789
2222
123456789
2224
123456789
2226
123456789
2228
123456789
2230
123456789
2232
123456789
2234
123456789
2236
123456789
2238
123456789
2240
123456789
2242
123456789
2244
123456789
2246
123456789
2248
123456789
2250
123456789
2252
123456789
2254
123456789
2256
123456789
2258
123456789
2260
123456789
2262
123456789
2264
123456789
2266
123456789
2268
123456789
2270
123456789
2272
123456789
2274
123456789
2276
123456789
2278
123456789
2280
123456789
2282
123456789
2284
123456789
2286
123456789
2288
123456789
2290
123456789
2292
123456789
2294
123456789
2296
123456789
2298
123456789
2300
123456789
2302
123456789
2304
123456789
2306
123456789
2308
123456789
2310
123456789
2312
123456789
2314
123456789
2316
123456789
2318
123456789
2320
123456789
2322
123456789
2324
123456789
2326
123456789
2328
123456789
2330
123456789
2332
123456789
2334
123456789
2336
123456789
2338
123456789
2340
123456789
2342
123456789
2344
123456789
2346
123456789
2348
123456789
2350
123456789
2352
123456789
2354
123456789
2356
123456789
2358
123456789
2360
123456789
2362
123456789
2364
123456789
2366
123456789
2368
123456789
2370
123456789
2372
123456789
2374
123456789
2376
123456789
2378
123456789
2380
123456789
2382
123456789
2384
123456789
2386
123456789
2388
123456789
2390
123456789
2392
123456789
2394
123456789
2396
123456789
2398
123456789
2400
123456789
2402
123456789
2404
123456789
2406
123456789
2408
123456789
2410
123456789
2412
123456789
2414
123456789
2416
123456789
2418
123456789
2420
123456789
2422
123456789
2424
123456789
2426
123456789
2428
123456789
2430
123456789
2432
123456789
2434
123456789
2436
123456789
2438
123456789
2440
123456789
2442
123456789
2444
123456789
2446
123456789
2448
123456789
2450
123456789
2452
123456789
2454
123456789
2456
123456789
2458
123456789
2460
123456789
2462
123456789
2464
123456789
2466
123456789
2468
123456789
2470
123456789
2472
123456789
2474
123456789
2476
123456789
2478
123456789
2480
123456789
2482
123456789
2484
123456789
2486
123456789
2488
123456789
2490
123456789
2492
123456789
2494
123456789
2496
123456789
2498
123456789
2500
123456789
2502
123456789
2504
123456789
2506
123456789
2508
123456789
2510
123456789
2512
123456789
2514
123456789
2516
123456789
2518
123456789
2520
123456789
2522
123456789
2524
123456789
2526
123456789
2528
123456789
2530
123456789
2532
123456789
2534
123456789
2536
123456789
2538
123456789
2540
123456789
2542
123456789
2544
123456789
2546
123456789
2548
123456789
2550
123456789
2552
123456789
2554
123456789
2556
123456789
2558
123456789
2560
123456789
2562
123456789
2564
123456789
2566
123456789
2568
123456789
2570
123456789
2572
123456789
2574
123456789
2576
123456789
2578
123456789
2580
123456789
2582
123456789
2584
123456789
2586
123456789
2588
123456789
2590
123456789
2592
123456789
2594
123456789
2596
123456789
2598
123456789
2600
123456789
2602
123456789
2604
123456789
2606
123456789
2608
123456789
2610
123456789
2612
123456789
2614
123456789
2616
123456789
2618
123456789
2620
123456789
2622
123456789
2624
123456789
2626
123456789
2628
123456789
2630
123456789
2632
123456789
2634
123456789
2636
123456789
2638
123456789
2640
123456789
2642
123456789
2644
123456789
2646
123456789
2648
123456789
2650
123456789
2652
123456789
2654
123456789
2656
123456789
2658
123456789
2660
123456789
2662
123456789
2664
123456789
2666
123456789
2668
123456789
2670
123456789
2672
123456789
2674
123456789
2676
123456789
2678
123456789
2680
123456789
2682
123456789
2684
123456789
2686
123456789
2688
123456789
2690
123456789
2692
123456789
2694
123456789
2696
123456789
2698
123456789
2700
123456789
2702
123456789
2704
123456789
2706
123456789
2708
123456789
2710
123456789
2712
123456789
2714
123456789
2716
123456789
2718
123456789
2720
123456789
2722
123456789
2724
123456789
2726
123456789
2728
123456789
2730
123456789
2732
123456789
2734
123456789
2736
123456789
2738
123456789
2740
123456789
2742
123456789
2744
123456789
2746
123456789
2748
123456789
2750
123456789
2752
123456789
2754
123456789
2756
123456789
2758
123456789
2760
123456789
2762
123456789
2764
123456789
2766
123456789
2768
123456789
2770
123456789
2772
123456789
2774
123456789
2776
123456789
2778
123456789
2780
123456789
2782
123456789
2784
123456789
2786
123456789
2788
123456789
2790
123456789
2792
123456789
2794
123456789
2796
123456789
2798
123456789
2800
123456789
2802
123456789
2804
123456789
2806
123456789
2808
123456789
2810
123456789
2812
123456789
2814
123456789
2816
123456789
2818
123456789
2820
123456789
2822
123456789
2824
123456789
2826
123456789
2828
123456789
2830
123456789
2832
123456789
2834
123456789
2836
123456789
2838
123456789
2840
123456789
2842
123456789
2844
123456789
2846
123456789
2848
123456789
2850
123456789
2852
123456789
2854
123456789
2856
123456789
2858
123456789
2860
123456789
2862
123456789
2864
123456789
2866
123456789
2868
123456789
2870
123456789
2872
123456789
2874
123456789
2876
123456789
2878
123456789
2880
123456789
2882
123456789
2884
123456789
2886
123456789
2888
123456789
2890
123456789
2892
123456789
2894
123456789
2896
123456789
2898
123456789
2900
123456789
2902
123456789
2904
123456789
2906
123456789
2908
123456789
2910
123456789
2912
123456789
2914
123456789
2916
123456789
2918
123456789
2920
123456789
2922
123456789
2924
123456789
2926
123456789
2928
123456789
2930
123456789
2932
123456789
2934
123456789
2936
123456789
2938
123456789
2940
123456789
2942
123456789
2944
123456789
2946
123456789
2948
123456789
2950
123456789
2952
123456789
2954
123456789
2956
123456789
2958
123456789
2960
123456789
2962
123456789
2964
123456789
2966
123456789
2968
123456789
2970
123456789
2972
123456789
2974
123456789
2976
123456789
2978
123456789
2980
123456789
2982
123456789
2984
123456789
2986
123456789
2988
123456789
2990
123456789
2992
123456789
2994
123456789
2996
123456789
2998
123456789
3000
123456789
3002
123456789
3004
123456789
3006
123456789
3008
123456789
3010
123456789
3012
123456789
3014
123456789
3016
123456789
3018
123456789
3020
123456789
3022
123456789
3024
123456789
3026
123456789
3028
123456789
3030
123456789
3032
123456789
3034
123456789
3036
123456789
3038
123456789
3040
123456789
3042
123456789
3044
123456789
3046
123456789
3048
123456789
3050
123456789
3052
123456789
3054
123456789
3056
123456789
3058
123456789
3060
123456789
3062
123456789
3064
123456789
3066
123456789
3068
123456789
3070
123456789
3072
123456789
3074
123456789
3076
123456789
3078
123456789
3080
123456789
3082
123456789
3084
123456789
3086
123456789
3088
123456789
3090
123456789
3092
123456789
3094
123456789
3096
123456789
3098
123456789
3100
123456789
3102
123456789
3104
123456789
3106
123456789
3108
123456789
3110
123456789
3112
123456789
3114
123456789
3116
123456789
3118
123456789
3120
123456789
3122
123456789
3124
123456789
3126
123456789
3128
123456789
3130
123456789
3132
123456789
3134
123456789
3136
123456789
3138
123456789
3140
123456789
3142
123456789
3144
123456789
3146
123456789
3148
123456789
3150
123456789
3152
123456789
3154
123456789
3156
123456789
3158
123456789
3160
123456789
3162
123456789
3164
123456789
3166
123456789
3168
123456789
3170
123456789
3172
123456789
3174
123456789
3176
123456789
3178
123456789
3180
123456789
3182
123456789
3184
123456789
3186
123456789
3188
123456789
3190
123456789
3192
123456789
3194
123456789
3196
123456789
3198
123456789
3200
123456789
3202
123456789
3204
123456789
3206
123456789
3208
123456789
3210
123456789
3212
123456789
3214
123456789
3216
123456789
3218
123456789
3220
123456789
3222
123456789
3224
123456789
3226
123456789
3228
123456789
3230
123456789
3232
123456789
3234
123456789
3236
123456789
3238
123456789
3240
123456789
3242
123456789
3244
123456789
3246
123456789
3248
123456789
3250
123456789
3252
123456789
3254
123456789
3256
123456789
3258
123456789
3260
123456789
3262
123456789
3264
123456789
3266
123456789
3268
123456789
3270
123456789
3272
123456789
3274
123456789
3276
123456789
3278
123456789
3280
123456789
3282
123456789
3284
123456789
3286
123456789
3288
123456789
3290
123456789
3292
123456789
3294
123456789
3296
123456789
3298
123456789
3300
123456789
3302
123456789
3304
123456789
3306
123456789
3308
123456789
3310
123456789
3312
123456789
3314
123456789
3316
123456789
3318
123456789
3320
123456789
3322
123456789
3324
123456789
3326
123456789
3328
123456789
3330
123456789
3332
123456789
3334
123456789
3336
123456789
3338
123456789
3340
123456789
3342
123456789
3344
123456789
3346
123456789
3348
123456789
3350
123456789
3352
123456789
3354
123456789
3356
123456789
3358
123456789
3360
123456789
3362
123456789
3364
123456789
3366
123456789
3368
123456789
3370
123456789
3372
123456789
3374
123456789
3376
123456789
3378
123456789
3380
123456789
3382
123456789
3384
123456789
3386
123456789
3388
123456789
3390
123456789
3392
123456789
3394
123456789
3396
123456789
3398
123456789
3400
123456789
3402
123456789
3404
123456789
3406
123456789
3408
123456789
3410
123456789
3412
123456789
3414
123456789
3416
123456789
3418
123456789
3420
123456789
3422
123456789
3424
123456789
3426
123456789
3428
123456789
3430
123456789
3432
123456789
3434
123456789
3436
123456789
3438
123456789
3440
123456789
3442
123456789
3444
123456789
3446
123456789
3448
123456789
3450
123456789
3452
123456789
3454
123456789
3456
123456789
3458
123456789
3460
123456789
3462
123456789
3464
123456789
3466
123456789
3468
123456789
3470
123456789
3472
123456789
3474
123456789
3476
123456789
3478
123456789
3480
123456789
3482
123456789
3484
123456789
3486
123456789
3488
123456789
3490
123456789
3492
123456789
3494
123456789
3496
123456789
3498
123456789
3500
123456789
3502
123456789
3504
123456789
3506
123456789
3508
123456789
3510
123456789
3512
123456789
3514
123456789
3516
123456789
3518
123456789
3520
123456789
3522
123456789
3524
123456789
3526
123456789
3528
123456789
3530
123456789
3532
123456789
3534
123456789
3536
123456789
3538
123456789
3540
123456789
3542
123456789
3544
123456789
3546
123456789
3548
123456789
3550
123456789
3552
123456789
3554
123456789
3556
123456789
3558
123456789
3560
123456789
3562
123456789
3564
123456789
3566
123456789
3568
123456789
3570
123456789
3572
123456789
3574
123456789
3576
123456789
3578
123456789
3580
123456789
3582
123456789
3584
123456789
3586
123456789
3588
123456789
3590
123456789
3592
123456789
3594
123456789
3596
123456789
3598
123456789
3600
123456789
3602
123456789
3604
123456789
3606
123456789
3608
123456789
3610
123456789
3612
123456789
3614
123456789
3616
123456789
3618
123456789
3620
123456789
3622
123456789
3624
123456789
3626
123456789
3628
123456789
3630
123456789
3632
123456789
3634
123456789
3636
123456789
3638
123456789
3640
123456789
3642
123456789
3644
123456789
3646
123456789
3648
123456789
3650
123456789
3652
123456789
3654
123456789
3656
123456789
3658
123456789
3660
123456789
3662
123456789
3664
123456789
3666
123456789
3668
123456789
3670
123456789
3672
123456789
3674
123456789
3676
123456789
3678
123456789
3680
123456789
3682
123456789
3684
123456789
3686
123456789
3688
123456789
3690
123456789
3692
123456789
3694
123456789
3696
123456789
3698
123456789
3700
123456789
3702
123456789
3704
123456789
3706
123456789
3708
123456789
3710
123456789
3712
123456789
3714
123456789
3716
123456789
3718
123456789
3720
123456789
3722
123456789
3724
123456789
3726
123456789
3728
123456789
3730
123456789
3732
123456789
3734
123456789
3736
123456789
3738
123456789
3740
123456789
3742
123456789
3744
123456789
3746
123456789
3748
123456789
3750
123456789
3752
123456789
3754
123456789
3756
123456789
3758
123456789
3760
123456789
3762
123456789
3764
123456789
3766
123456789
3768
123456789
3770
123456789
3772
123456789
3774
123456789
3776
123456789
3778
123456789
3780
123456789
3782
123456789
3784
123456789
3786
123456789
3788
123456789
3790
123456789
3792
123456789
3794
123456789
3796
123456789
3798
123456789
3800
123456789
3802
123456789
3804
123456789
3806
123456789
3808
123456789
3810
123456789
3812
123456789
3814
123456789
3816
123456789
3818
123456789
3820
123456789
3822
123456789
3824
123456789
3826
123456789
3828
123456789
3830
123456789
3832
123456789
3834
123456789
3836
123456789
3838
123456789
3840
123456789
3842
123456789
3844
123456789
3846
123456789
3848
123456789
3850
123456789
3852
123456789
3854
123456789
3856
123456789
3858
123456789
3860
123456789
3862
123456789
3864
123456789
3866
123456789
3868
123456789
3870
123456789
3872
123456789
3874
123456789
3876
123456789
3878
123456789
3880
123456789
3882
123456789
3884
123456789
3886
123456789
3888
123456789
3890
123456789
3892
123456789
3894
123456789
3896
123456789
3898
123456789
3900
123456789
3902
123456789
3904
123456789
3906
123456789
3908
123456789
3910
123456789
3912
123456789
3914
123456789
3916
123456789
3918
123456789
3920
123456789
3922
123456789
3924
123456789
3926
123456789
3928
123456789
3930
123456789
3932
123456789
3934
123456789
3936
123456789
3938
123456789
3940
123456789
3942
123456789
3944
123456789
3946
123456789
3948
123456789
3950
123456789
3952
123456789
3954
123456789
3956
123456789
3958
123456789
3960
123456789
3962
123456789
3964
123456789
3966
123456789
3968
123456789
3970
123456789
3972
123456789
3974
123456789
3976
123456789
3978
123456789
3980
123456789
3982
123456789
3984
123456789
3986
123456789
3988
123456789
3990
123456789
3992
123456789
3994
123456789
3996
123456789
3998
123456789
4000
123456789
4002
123456789
4004
123456789
4006
123456789
4008
123456789
4010
123456789
4012
123456789
4014
123456789
4016
123456789
4018
123456789
4020
123456789
4022
123456789
4024
123456789
4026
123456789
4028
123456789
4030
123456789
4032
123456789
4034
123456789
4036
123456789
4038
123456789
4040
123456789
4042
123456789
4044
123456789
4046
123456789
4048
123456789
4050
123456789
4052
123456789
4054
123456789
4056
123456789
4058
123456789
4060
123456789
4062
123456789
4064
123456789
4066
123456789
4068
123456789
4070
123456789
4072
123456789
4074
123456789
4076
123456789
4078
123456789
4080
123456789
4082
123456789
4084
123456789
4086
123456789
4088
123456789
4090
123456789
4092
123456789
4094
123456789
4096
123456789
4098
123456789
4100
123456789
4102
123456789
4104
123456789
4106
123456789
4108
123456789
4110
123456789
4112
123456789
4114
123456789
4116
123456789
4118
123456789
4120
123456789
4122
123456789
4124
123456789
4126
123456789
4128
123456789
4130
123456789
4132
123456789
4134
123456789
4136
123456789
4138
123456789
4140
123456789
4142
123456789
4144
123456789
4146
123456789
4148
123456789
4150
123456789
4152
123456789
4154
123456789
4156
123456789
4158
123456789
4160
123456789
4162
123456789
4164
123456789
4166
123456789
4168
123456789
4170
123456789
4172
123456789
4174
123456789
4176
123456789
4178
123456789
4180
123456789
4182
123456789
4184
123456789
4186
123456789
4188
123456789
4190
123456789
4192
123456789
4194
123456789
4196
123456789
4198
123456789
4200
123456789
4202
123456789
4204
123456789
4206
123456789
4208
123456789
4210
123456789
4212
123456789
4214
123456789
4216
123456789
4218
123456789
4220
123456789
4222
123456789
4224
123456789
4226
123456789
4228
123456789
4230
123456789
4232
123456789
4234
123456789
4236
123456789
4238
123456789
4240
123456789
4242
123456789
4244
123456789
4246
123456789
4248
123456789
4250
123456789
4252
123456789
4254
123456789
4256
123456789
4258
123456789
4260
123456789
4262
123456789
4264
123456789
4266
123456789
4268
123456789
4270
123456789
4272
123456789
4274
123456789
4276
123456789
4278
123456789
4280
123456789
4282
123456789
4284
123456789
4286
123456789
4288
123456789
4290
123456789
4292
123456789
4294
123456789
4296
123456789
4298
123456789
4300
123456789
4302
123456789
4304
123456789
4306
123456789
4308
123456789
4310
123456789
4312
123456789
4314
123456789
4316
123456789
4318
123456789
4320
123456789
4322
123456789
4324
123456789
4326
123456789
4328
123456789
4330
123456789
4332
123456789
4334
123456789
4336
123456789
4338
123456789
4340
123456789
4342
123456789
4344
123456789
4346
123456789
4348
123456789
4350
123456789
4352
123456789
4354
123456789
4356
123456789
4358
123456789
4360
123456789
4362
123456789
4364
123456789
4366
123456789
4368
123456789
4370
123456789
4372
123456789
4374
123456789
4376
123456789
4378
123456789
4380
123456789
4382
123456789
4384
123456789
4386
123456789
4388
123456789
4390
123456789
4392
123456789
4394
123456789
4396
123456789
4398
123456789
4400
123456789
4402
123456789
4404
123456789
4406
123456789
4408
123456789
4410
123456789
4412
123456789
4414
123456789
4416
123456789
4418
123456789
4420
123456789
4422
123456789
4424
123456789
4426
123456789
4428
123456789
4430
123456789
4432
123456789
4434
123456789
4436
123456789
4438
123456789
4440
123456789
4442
123456789
4444
123456789
4446
123456789
4448
123456789
4450
123456789
4452
123456789
4454
123456789
4456
123456789
4458
123456789
4460
123456789
4462
123456789
4464
123456789
4466
123456789
4468
123456789
4470
123456789
4472
123456789
4474
123456789
4476
123456789
4478
123456789
4480
123456789
4482
123456789
4484
123456789
4486
123456789
4488
123456789
4490
123456789
4492
123456789
4494
123456789
4496
123456789
4498
123456789
4500
123456789
4502
123456789
4504
123456789
4506
123456789
4508
123456789
4510
123456789
4512
123456789
4514
123456789
4516
123456789
4518
123456789
4520
123456789
4522
123456789
4524
123456789
4526
123456789
4528
123456789
4530
123456789
4532
123456789
4534
123456789
4536
123456789
4538
123456789
4540
123456789
4542
123456789
4544
123456789
4546
123456789
4548
123456789
4550
123456789
4552
123456789
4554
123456789
4556
123456789
4558
123456789
4560
123456789
4562
123456789
4564
123456789
4566
123456789
4568
123456789
4570
123456789
4572
123456789
4574
123456789
4576
123456789
4578
123456789
4580
123456789
4582
123456789
4584
123456789
4586
123456789
4588
123456789
4590
123456789
4592
123456789
4594
123456789
4596
123456789
4598
123456789
4600
123456789
4602
123456789
4604
123456789
4606
123456789
4608
123456789
4610
123456789
4612
123456789
4614
123456789
4616
123456789
4618
123456789
4620
123456789
4622
123456789
4624
123456789
4626
123456789
4628
123456789
4630
123456789
4632
123456789
4634
123456789
4636
123456789
4638
123456789
4640
123456789
4642
123456789
4644
123456789
4646
123456789
4648
123456789
4650
123456789
4652
123456789
4654
123456789
4656
123456789
4658
123456789
4660
123456789
4662
123456789
4664
123456789
4666
123456789
4668
123456789
4670
123456789
4672
123456789
4674
123456789
4676
123456789
4678
123456789
4680
123456789
4682
123456789
4684
123456789
4686
123456789
4688
123456789
4690
123456789
4692
123456789
4694
123456789
4696
123456789
4698
123456789
4700
123456789
4702
123456789
4704
123456789
4706
123456789
4708
123456789
4710
123456789
4712
123456789
4714
123456789
4716
123456789
4718
123456789
4720
123456789
4722
123456789
4724
123456789
4726
123456789
4728
123456789
4730
123456789
4732
123456789
4734
123456789
4736
123456789
4738
123456789
4740
123456789
4742
123456789
4744
123456789
4746
123456789
4748
123456789
4750
123456789
4752
123456789
4754
123456789
4756
123456789
4758
123456789
4760
123456789
4762
123456789
4764
123456789
4766
123456789
4768
123456789
4770
123456789
4772
123456789
4774
123456789
4776
123456789
4778
123456789
4780
123456789
4782
123456789
4784
123456789
4786
123456789
4788
123456789
4790
123456789
4792
123456789
4794
123456789
4796
123456789
4798
123456789
4800
123456789
4802
123456789
4804
123456789
4806
123456789
4808
123456789
4810
123456789
4812
123456789
4814
123456789
4816
123456789
4818
123456789
4820
123456789
4822
123456789
4824
123456789
4826
123456789
4828
123456789
4830
123456789
4832
123456789
4834
123456789
4836
123456789
4838
123456789
4840
123456789
4842
123456789
4844
123456789
4846
123456789
4848
123456789
4850
123456789
4852
123456789
4854
123456789
4856
123456789
4858
123456789
4860
123456789
4862
123456789
4864
123456789
4866
123456789
4868
123456789
4870
123456789
4872
123456789
4874
123456789
4876
123456789
4878
123456789
4880
123456789
4882
123456789
4884
123456789
4886
123456789
4888
123456789
4890
123456789
4892
123456789
4894
123456789
4896
123456789
4898
123456789
4900
123456789
4902
123456789
4904
123456789
4906
123456789
4908
123456789
4910
123456789
4912
123456789
4914
123456789
4916
123456789
4918
123456789
4920
123456789
4922
123456789
4924
123456789
4926
123456789
4928
123456789
4930
123456789
4932
123456789
4934
123456789
4936
123456789
4938
123456789
4940
123456789
4942
123456789
4944
123456789
4946
123456789
4948
123456789
4950
123456789
4952
123456789
4954
123456789
4956
123456789
4958
123456789
4960
123456789
4962
123456789
4964
123456789
4966
123456789
4968
123456789
4970
123456789
4972
123456789
4974
123456789
4976
123456789
4978
123456789
4980
123456789
4982
123456789
4984
123456789
4986
123456789
4988
123456789
4990
123456789
4992
123456789
4994
123456789
4996
123456789
4998
123456789
5000
123456789
5002
123456789
5004
123456789
5006
123456789
5008
123456789
5010
123456789
5012
123456789
5014
123456789
5016
123456789
5018
123456789
5020
123456789
5022
123456789
5024
123456789
5026
123456789
5028
123456789
5030
123456789
5032
123456789
5034
123456789
5036
123456789
5038
123456789
5040
123456789
5042
123456789
5044
123456789
5046
123456789
5048
123456789
5050
123456789
5052
123456789
5054
123456789
5056
123456789
5058
123456789
5060
123456789
5062
123456789
5064
123456789
5066
123456789
5068
123456789
5070
123456789
5072
123456789
5074
123456789
5076
123456789
5078
123456789
5080
123456789
5082
123456789
5084
123456789
5086
123456789
5088
123456789
5090
123456789
5092
123456789
5094
123456789
5096
123456789
5098
123456789
5100
123456789
5102
123456789
5104
123456789
5106
123456789
5108
123456789
5110
123456789
5112
123456789
5114
123456789
5116
123456789
5118
123456789
5120
123456789
5122
123456789
5124
123456789
5126
123456789
5128
123456789
5130
123456789
5132
123456789
5134
123456789
5136
123456789
5138
123456789
5140
123456789
5142
123456789
5144
123456789
5146
123456789
5148
123456789
5150
123456789
5152
123456789
5154
123456789
5156
123456789
5158
123456789
5160
123456789
5162
123456789
5164
123456789
5166
123456789
5168
123456789
5170
123456789
5172
123456789
5174
123456789
5176
123456789
5178
123456789
5180
123456789
5182
123456789
5184
123456789
5186
123456789
5188
123456789
5190
123456789
5192
123456789
5194
123456789
5196
123456789
5198
123456789
5200
123456789
5202
123456789
5204
123456789
5206
123456789
5208
123456789
5210
123456789
5212
123456789
5214
123456789
5216
123456789
5218
123456789
5220
123456789
5222
123456789
5224
123456789
5226
123456789
5228
123456789
5230
123456789
5232
123456789
5234
123456789
5236
123456789
5238
123456789
5240
123456789
5242
123456789
5244
123456789
5246
123456789
5248
123456789
5250
123456789
5252
123456789
5254
123456789
5256
123456789
5258
123456789
5260
123456789
5262
123456789
5264
123456789
5266
123456789
5268
123456789
5270
123456789
5272
123456789
5274
123456789
5276
123456789
5278
123456789
5280
123456789
5282
123456789
5284
123456789
5286
123456789
5288
123456789
5290
123456789
5292
123456789
5294
123456789
5296
123456789
5298
123456789
5300
123456789
5302
123456789
5304
123456789
5306
123456789
5308
123456789
5310
123456789
5312
123456789
5314
123456789
5316
123456789
5318
123456789
5320
123456789
5322
123456789
5324
123456789
5326
123456789
5328
123456789
5330
123456789
5332
123456789
5334
123456789
5336
123456789
5338
123456789
5340
123456789
5342
123456789
5344
123456789
5346
123456789
5348
123456789
5350
123456789
5352
123456789
5354
123456789
5356
123456789
5358
123456789
5360
123456789
5362
123456789
5364
123456789
5366
123456789
5368
123456789
5370
123456789
5372
123456789
5374
123456789
5376
123456789
5378
123456789
5380
123456789
5382
123456789
5384
123456789
5386
123456789
5388
123456789
5390
123456789
5392
123456789
5394
123456789
5396
123456789
5398
123456789
5400
123456789
5402
123456789
5404
123456789
5406
123456789
5408
123456789
5410
123456789
5412
123456789
5414
123456789
5416
123456789
5418
123456789
5420
123456789
5422
123456789
5424
123456789
5426
123456789
5428
123456789
5430
123456789
5432
123456789
5434
123456789
5436
123456789
5438
123456789
5440
123456789
5442
123456789
5444
123456789
5446
123456789
5448
123456789
5450
123456789
5452
123456789
5454
123456789
5456
123456789
5458
123456789
5460
123456789
5462
123456789
5464
123456789
5466
123456789
5468
123456789
5470
123456789
5472
123456789
5474
123456789
5476
123456789
5478
123456789
5480
123456789
5482
123456789
5484
123456789
5486
123456789
5488
123456789
5490
123456789
5492
123456789
5494
123456789
5496
123456789
5498
123456789
5500
123456789
5502
123456789
5504
123456789
5506
123456789
5508
123456789
5510
123456789
5512
123456789
5514
123456789
5516
123456789
5518
123456789
5520
123456789
5522
123456789
5524
123456789
5526
123456789
5528
123456789
5530
123456789
5532
123456789
5534
123456789
5536
123456789
5538
123456789
5540
123456789
5542
123456789
5544
123456789
5546
123456789
5548
123456789
5550
123456789
5552
123456789
5554
123456789
5556
123456789
5558
123456789
5560
123456789
5562
123456789
5564
123456789
5566
123456789
5568
123456789
5570
123456789
5572
123456789
5574
123456789
5576
123456789
5578
123456789
5580
123456789
5582
123456789
5584
123456789
5586
123456789
5588
123456789
5590
123456789
5592
123456789
5594
123456789
5596
123456789
5598
123456789
5600
123456789
5602
123456789
5604
123456789
5606
123456789
5608
123456789
5610
123456789
5612
123456789
5614
123456789
5616
123456789
5618
123456789
5620
123456789
5622
123456789
5624
123456789
5626
123456789
5628
123456789
5630
123456789
5632
123456789
5634
123456789
5636
123456789
5638
123456789
5640
123456789
5642
123456789
5644
123456789
5646
123456789
5648
123456789
5650
123456789
5652
123456789
5654
123456789
5656
123456789
5658
123456789
5660
123456789
5662
123456789
5664
123456789
5666
123456789
5668
123456789
5670
123456789
5672
123456789
5674
123456789
5676
123456789
5678
123456789
5680
123456789
5682
123456789
5684
123456789
5686
123456789
5688
123456789
5690
123456789
5692
123456789
5694
123456789
5696
123456789
5698
123456789
5700
123456789
5702
123456789
5704
123456789
5706
123456789
5708
123456789
5710
123456789
5712
123456789
5714
123456789
5716
123456789
5718
123456789
5720
123456789
5722
123456789
5724
123456789
5726
123456789
5728
123456789
5730
123456789
5732
123456789
5734
123456789
5736
123456789
5738
123456789
5740
123456789
5742
123456789
5744
123456789
5746
123456789
5748
123456789
5750
123456789
5752
123456789
5754
123456789
5756
123456789
5758
123456789
5760
123456789
5762
123456789
5764
123456789
5766
123456789
5768
123456789
5770
123456789
5772
123456789
5774
123456789
5776
123456789
5778
123456789
5780
123456789
5782
123456789
5784
123456789
5786
123456789
5788
123456789
5790
123456789
5792
123456789
5794
123456789
5796
123456789
5798
123456789
5800
123456789
5802
123456789
5804
123456789
5806
123456789
5808
123456789
5810
123456789
5812
123456789
5814
123456789
5816
123456789
5818
123456789
5820
123456789
5822
123456789
5824
123456789
5826
123456789
5828
123456789
5830
123456789
5832
123456789
5834
123456789
5836
123456789
5838
123456789
5840
123456789
5842
123456789
5844
123456789
5846
123456789
5848
123456789
5850
123456789
5852
123456789
5854
123456789
5856
123456789
5858
123456789
5860
123456789
5862
123456789
5864
123456789
5866
123456789
5868
123456789
5870
123456789
5872
123456789
5874
123456789
5876
123456789
5878
123456789
5880
123456789
5882
123456789
5884
123456789
5886
123456789
5888
123456789
5890
123456789
5892
123456789
5894
123456789
5896
123456789
5898
123456789
5900
123456789
5902
123456789
5904
123456789
5906
123456789
5908
123456789
5910
123456789
5912
123456789
5914
123456789
5916
123456789
5918
123456789
5920
123456789
5922
123456789
5924
123456789
5926
123456789
5928
123456789
5930
123456789
5932
123456789
5934
123456789
5936
123456789
5938
123456789
5940
123456789
5942
123456789
5944
123456789
5946
123456789
5948
123456789
5950
123456789
5952
123456789
5954
123456789
5956
123456789
5958
123456789
5960
123456789
5962
123456789
5964
123456789
5966
123456789
5968
123456789
5970
123456789
5972
123456789
5974
123456789
5976
123456789
5978
123456789
5980
123456789
5982
123456789
5984
123456789
5986
123456789
5988
123456789
5990
123456789
5992
123456789
5994
123456789
5996
123456789
5998
123456789
6000
123456789
6002
123456789
6004
123456789
6006
123456789
6008
123456789
6010
123456789
6012
123456789
6014
123456789
6016
123456789
6018
123456789
6020
123456789
6022
123456789
6024
123456789
6026
123456789
6028
123456789
6030
123456789
6032
123456789
6034
123456789
6036
123456789
6038
123456789
6040
123456789
6042
123456789
6044
123456789
6046
123456789
6048
123456789
6050
123456789
6052
123456789
6054
123456789
6056
123456789
6058
123456789
6060
123456789
6062
123456789
6064
123456789
6066
123456789
6068
123456789
6070
123456789
6072
123456789
6074
123456789
6076
123456789
6078
123456789
6080
123456789
6082
123456789
6084
123456789
6086
123456789
6088
123456789
6090
123456789
6092
123456789
6094
123456789
6096
123456789
6098
123456789
6100
123456789
6102
123456789
6104
123456789
6106
123456789
6108
123456789
6110
123456789
6112
123456789
6114
123456789
6116
123456789
6118
123456789
6120
123456789
6122
123456789
6124
123456789
6126
123456789
6128
123456789
6130
123456789
6132
123456789
6134
123456789
6136
123456789
6138
123456789
6140
123456789
6142
123456789
6144
123456789
6146
123456789
6148
123456789
6150
123456789
6152
123456789
6154
123456789
6156
123456789
6158
123456789
6160
123456789
6162
123456789
6164
123456789
6166
123456789
6168
123456789
6170
123456789
6172
123456789
6174
123456789
6176
123456789
6178
123456789
6180
123456789
6182
123456789
6184
123456789
6186
123456789
6188
123456789
6190
123456789
6192
123456789
6194
123456789
6196
123456789
6198
123456789
6200
123456789
6202
123456789
6204
123456789
6206
123456789
6208
123456789
6210
123456789
6212
123456789
6214
123456789
6216
123456789
6218
123456789
6220
123456789
6222
123456789
6224
123456789
6226
123456789
6228
123456789
6230
123456789
6232
123456789
6234
123456789
6236
123456789
6238
123456789
6240
123456789
6242
123456789
6244
123456789
6246
123456789
6248
123456789
6250
123456789
6252
123456789
6254
123456789
6256
123456789
6258
123456789
6260
123456789
6262
123456789
6264
123456789
6266
123456789
6268
123456789
6270
123456789
6272
123456789
6274
123456789
6276
123456789
6278
123456789
6280
123456789
6282
123456789
6284
123456789
6286
123456789
6288
123456789
6290
123456789
6292
123456789
6294
123456789
6296
123456789
6298
123456789
6300
123456789
6302
123456789
6304
123456789
6306
123456789
6308
123456789
6310
123456789
6312
123456789
6314
123456789
6316
123456789
6318
123456789
6320
123456789
6322
123456789
6324
123456789
6326
123456789
6328
123456789
6330
123456789
6332
123456789
6334
123456789
6336
123456789
6338
123456789
6340
123456789
6342
123456789
6344
123456789
6346
123456789
6348
123456789
6350
123456789
6352
123456789
6354
123456789
6356
123456789
6358
123456789
6360
123456789
6362
123456789
6364
123456789
6366
123456789
6368
123456789
6370
123456789
6372
123456789
6374
123456789
6376
123456789
6378
123456789
6380
123456789
6382
123456789
6384
123456789
6386
123456789
6388
123456789
6390
123456789
6392
123456789
6394
123456789
6396
123456789
6398
123456789
6400
123456789
6402
123456789
6404
123456789
6406
123456789
6408
123456789
6410
123456789
6412
123456789
6414
123456789
6416
123456789
6418
123456789
6420
123456789
6422
123456789
6424
123456789
6426
123456789
6428
123456789
6430
123456789
6432
123456789
6434
123456789
6436
123456789
6438
123456789
6440
123456789
6442
123456789
6444
123456789
6446
123456789
6448
123456789
6450
123456789
6452
123456789
6454
123456789
6456
123456789
6458
123456789
6460
123456789
6462
123456789
6464
123456789
6466
123456789
6468
123456789
6470
123456789
6472
123456789
6474
123456789
6476
123456789
6478
123456789
6480
123456789
6482
123456789
6484
123456789
6486
123456789
6488
123456789
6490
123456789
6492
123456789
6494
123456789
6496
123456789
6498
123456789
6500
123456789
6502
123456789
6504
123456789
6506
123456789
6508
123456789
6510
123456789
6512
123456789
6514
123456789
6516
123456789
6518
123456789
6520
123456789
6522
123456789
6524
123456789
6526
123456789
6528
123456789
6530
123456789
6532
123456789
6534
123456789
6536
123456789
6538
123456789
6540
123456789
6542
123456789
6544
123456789
6546
123456789
6548
123456789
6550
123456789
6552
123456789
6554
123456789
6556
123456789
6558
123456789
6560
123456789
6562
123456789
6564
123456789
6566
123456789
6568
123456789
6570
123456789
6572
123456789
6574
123456789
6576
123456789
6578
123456789
6580
123456789
6582
123456789
6584
123456789
6586
123456789
6588
123456789
6590
123456789
6592
123456789
6594
123456789
6596
123456789
6598
123456789
6600
123456789
6602
123456789
6604
123456789
6606
123456789
6608
123456789
6610
123456789
6612
123456789
6614
123456789
6616
123456789
6618
123456789
6620
123456789
6622
123456789
6624
123456789
6626
123456789
6628
123456789
6630
123456789
6632
123456789
6634
123456789
6636
123456789
6638
123456789
6640
123456789
6642
123456789
6644
123456789
6646
123456789
6648
123456789
6650
123456789
6652
123456789
6654
123456789
6656
123456789
6658
123456789
6660
123456789
6662
123456789
6664
123456789
6666
123456789
6668
123456789
6670
123456789
6672
123456789
6674
123456789
6676
123456789
6678
123456789
6680
123456789
6682
123456789
6684
123456789
6686
123456789
6688
123456789
6690
123456789
6692
123456789
6694
123456789
6696
123456789
6698
123456789
6700
123456789
6702
123456789
6704
123456789
6706
123456789
6708
123456789
6710
123456789
6712
123456789
6714
123456789
6716
123456789
6718
123456789
6720
123456789
6722
123456789
6724
123456789
6726
123456789
6728
123456789
6730
123456789
6732
123456789
6734
123456789
6736
123456789
6738
123456789
6740
123456789
6742
123456789
6744
123456789
6746
123456789
6748
123456789
6750
123456789
6752
123456789
6754
123456789
6756
123456789
6758
123456789
6760
123456789
6762
123456789
6764
123456789
6766
123456789
6768
123456789
6770
123456789
6772
123456789
6774
123456789
6776
123456789
6778
123456789
6780
123456789
6782
123456789
6784
123456789
6786
123456789
6788
123456789
6790
123456789
6792
123456789
6794
123456789
6796
123456789
6798
123456789
6800
123456789
6802
123456789
6804
123456789
6806
123456789
6808
123456789
6810
123456789
6812
123456789
6814
123456789
6816
123456789
6818
123456789
6820
123456789
6822
123456789
6824
123456789
6826
123456789
6828
123456789
6830
123456789
6832
123456789
6834
123456789
6836
123456789
6838
123456789
6840
123456789
6842
123456789
6844
123456789
6846
123456789
6848
123456789
6850
123456789
6852
123456789
6854
123456789
6856
123456789
6858
123456789
6860
123456789
6862
123456789
6864
123456789
6866
123456789
6868
123456789
6870
123456789
6872
123456789
6874
123456789
6876
123456789
6878
123456789
6880
123456789
6882
123456789
6884
123456789
6886
123456789
6888
123456789
6890
123456789
6892
123456789
6894
123456789
6896
123456789
6898
123456789
6900
123456789
6902
123456789
6904
123456789
6906
123456789
6908
123456789
6910
123456789
6912
123456789
6914
123456789
6916
123456789
6918
123456789
6920
123456789
6922
123456789
6924
123456789
6926
123456789
6928
123456789
6930
123456789
6932
123456789
6934
123456789
6936
123456789
6938
123456789
6940
123456789
6942
123456789
6944
123456789
6946
123456789
6948
123456789
6950
123456789
6952
123456789
6954
123456789
6956
123456789
6958
123456789
6960
123456789
6962
123456789
6964
123456789
6966
123456789
6968
123456789
6970
123456789
6972
123456789
6974
123456789
6976
123456789
6978
123456789
6980
123456789
6982
123456789
6984
123456789
6986
123456789
6988
123456789
6990
123456789
6992
123456789
6994
123456789
6996
123456789
6998
123456789
7000
123456789
7002
123456789
7004
123456789
7006
123456789
7008
123456789
7010
123456789
7012
123456789
7014
123456789
7016
123456789
7018
123456789
7020
123456789
7022
123456789
7024
123456789
7026
123456789
7028
123456789
7030
123456789
7032
123456789
7034
123456789
7036
123456789
7038
123456789
7040
123456789
7042
123456789
7044
123456789
7046
123456789
7048
123456789
7050
123456789
7052
123456789
7054
123456789
7056
123456789
7058
123456789
7060
123456789
7062
123456789
7064
123456789
7066
123456789
7068
123456789
7070
123456789
7072
123456789
7074
123456789
7076
123456789
7078
123456789
7080
123456789
7082
123456789
7084
123456789
7086
123456789
7088
123456789
7090
123456789
7092
123456789
7094
123456789
7096
123456789
7098
123456789
7100
123456789
7102
123456789
7104
123456789
7106
123456789
7108
123456789
7110
123456789
7112
123456789
7114
123456789
7116
123456789
7118
123456789
7120
123456789
7122
123456789
7124
123456789
7126
123456789
7128
123456789
7130
123456789
7132
123456789
7134
123456789
7136
123456789
7138
123456789
7140
123456789
7142
123456789
7144
123456789
7146
123456789
7148
123456789
7150
123456789
7152
123456789
7154
123456789
7156
123456789
7158
123456789
7160
123456789
7162
123456789
7164
123456789
7166
123456789
7168
123456789
7170
123456789
7172
123456789
7174
123456789
7176
123456789
7178
123456789
7180
123456789
7182
123456789
7184
123456789
7186
123456789
7188
123456789
7190
123456789
7192
123456789
7194
123456789
7196
123456789
7198
123456789
7200
123456789
7202
123456789
7204
123456789
7206
123456789
7208
123456789
7210
123456789
7212
123456789
7214
123456789
7216
123456789
7218
123456789
7220
123456789
7222
123456789
7224
123456789
7226
123456789
7228
123456789
7230
123456789
7232
123456789
7234
123456789
7236
123456789
7238
123456789
7240
123456789
7242
123456789
7244
123456789
7246
123456789
7248
123456789
7250
123456789
7252
123456789
7254
123456789
7256
123456789
7258
123456789
7260
123456789
7262
123456789
7264
123456789
7266
123456789
7268
123456789
7270
123456789
7272
123456789
7274
123456789
7276
123456789
7278
123456789
7280
123456789
7282
123456789
7284
123456789
7286
123456789
7288
123456789
7290
123456789
7292
123456789
7294
123456789
7296
123456789
7298
123456789
7300
123456789
7302
123456789
7304
123456789
7306
123456789
7308
123456789
7310
123456789
7312
123456789
7314
123456789
7316
123456789
7318
123456789
7320
123456789
7322
123456789
7324
123456789
7326
123456789
7328
123456789
7330
123456789
7332
123456789
7334
123456789
7336
123456789
7338
123456789
7340
123456789
7342
123456789
7344
123456789
7346
123456789
7348
123456789
7350
123456789
7352
123456789
7354
123456789
7356
123456789
7358
123456789
7360
123456789
7362
123456789
7364
123456789
7366
123456789
7368
123456789
7370
123456789
7372
123456789
7374
123456789
7376
123456789
7378
123456789
7380
123456789
7382
123456789
7384
123456789
7386
123456789
7388
123456789
7390
123456789
7392
123456789
7394
123456789
7396
123456789
7398
123456789
7400
123456789
7402
123456789
7404
123456789
7406
123456789
7408
123456789
7410
123456789
7412
123456789
7414
123456789
7416
123456789
7418
123456789
7420
123456789
7422
123456789
7424
123456789
7426
123456789
7428
123456789
7430
123456789
7432
123456789
7434
123456789
7436
123456789
7438
123456789
7440
123456789
7442
123456789
7444
123456789
7446
123456789
7448
123456789
7450
123456789
7452
123456789
7454
123456789
7456
123456789
7458
123456789
7460
123456789
7462
123456789
7464
123456789
7466
123456789
7468
123456789
7470
123456789
7472
123456789
7474
123456789
7476
123456789
7478
123456789
7480
123456789
7482
123456789
7484
123456789
7486
123456789
7488
123456789
7490
123456789
7492
123456789
7494
123456789
7496
123456789
7498
123456789
7500
123456789
7502
123456789
7504
123456789
7506
123456789
7508
123456789
7510
123456789
7512
123456789
7514
123456789
7516
123456789
7518
123456789
7520
123456789
7522
123456789
7524
123456789
7526
123456789
7528
123456789
7530
123456789
7532
123456789
7534
123456789
7536
123456789
7538
123456789
7540
123456789
7542
123456789
7544
123456789
7546
123456789
7548
123456789
7550
123456789
7552
123456789
7554
123456789
7556
123456789
7558
123456789
7560
123456789
7562
123456789
7564
123456789
7566
123456789
7568
123456789
7570
123456789
7572
123456789
7574
123456789
7576
123456789
7578
123456789
7580
123456789
7582
123456789
7584
123456789
7586
123456789
7588
123456789
7590
123456789
7592
123456789
7594
123456789
7596
123456789
7598
123456789
7600
123456789
7602
123456789
7604
123456789
7606
123456789
7608
123456789
7610
123456789
7612
123456789
7614
123456789
7616
123456789
7618
123456789
7620
123456789
7622
123456789
7624
123456789
7626
123456789
7628
123456789
7630
123456789
7632
123456789
7634
123456789
7636
123456789
7638
123456789
7640
123456789
7642
123456789
7644
123456789
7646
123456789
7648
123456789
7650
123456789
7652
123456789
7654
123456789
7656
123456789
7658
123456789
7660
123456789
7662
123456789
7664
123456789
7666
123456789
7668
123456789
7670
123456789
7672
123456789
7674
123456789
7676
123456789
7678
123456789
7680
123456789
7682
123456789
7684
123456789
7686
123456789
7688
123456789
7690
123456789
7692
123456789
7694
123456789
7696
123456789
7698
123456789
7700
123456789
7702
123456789
7704
123456789
7706
123456789
7708
123456789
7710
123456789
7712
123456789
7714
123456789
7716
123456789
7718
123456789
7720
123456789
7722
123456789
7724
123456789
7726
123456789
7728
123456789
7730
123456789
7732
123456789
7734
123456789
7736
123456789
7738
123456789
7740
123456789
7742
123456789
7744
123456789
7746
123456789
7748
123456789
7750
123456789
7752
123456789
7754
123456789
7756
123456789
7758
123456789
7760
123456789
7762
123456789
7764
123456789
7766
123456789
7768
123456789
7770
123456789
7772
123456789
7774
123456789
7776
123456789
7778
123456789
7780
123456789
7782
123456789
7784
123456789
7786
123456789
7788
123456789
7790
123456789
7792
123456789
7794
123456789
7796
123456789
7798
123456789
7800
123456789
7802
123456789
7804
123456789
7806
123456789
7808
123456789
7810
123456789
7812
123456789
7814
123456789
7816
123456789
7818
123456789
7820
123456789
7822
123456789
7824
123456789
7826
123456789
7828
123456789
7830
123456789
7832
123456789
7834
123456789
7836
123456789
7838
123456789
7840
123456789
7842
123456789
7844
123456789
7846
123456789
7848
123456789
7850
123456789
7852
123456789
7854
123456789
7856
123456789
7858
123456789
7860
123456789
7862
123456789
7864
123456789
7866
123456789
7868
123456789
7870
123456789
7872
123456789
7874
123456789
7876
123456789
7878
123456789
7880
123456789
7882
123456789
7884
123456789
7886
123456789
7888
123456789
7890
123456789
7892
123456789
7894
123456789
7896
123456789
7898
123456789
7900
123456789
7902
123456789
7904
123456789
7906
123456789
7908
123456789
7910
123456789
7912
123456789
7914
123456789
7916
123456789
7918
123456789
7920
123456789
7922
123456789
7924
123456789
7926
123456789
7928
123456789
7930
123456789
7932
123456789
7934
123456789
7936
123456789
7938
123456789
7940
123456789
7942
123456789
7944
123456789
7946
123456789
7948
123456789
7950
123456789
7952
123456789
7954
123456789
7956
123456789
7958
123456789
7960
123456789
7962
123456789
7964
123456789
7966
123456789
7968
123456789
7970
123456789
7972
123456789
7974
123456789
7976
123456789
7978
123456789
7980
123456789
7982
123456789
7984
123456789
7986
123456789
7988
123456789
7990
123456789
7992
123456789
7994
123456789
7996
123456789
7998
123456789
8000
123456789
8002
123456789
8004
123456789
8006
123456789
8008
123456789
8010
123456789
8012
123456789
8014
123456789
8016
123456789
8018
123456789
8020
123456789
8022
123456789
8024
123456789
8026
123456789
8028
123456789
8030
123456789
8032
123456789
8034
123456789
8036
123456789
8038
123456789
8040
123456789
8042
123456789
8044
123456789
8046
123456789
8048
123456789
8050
123456789
8052
123456789
8054
123456789
8056
123456789
8058
123456789
8060
123456789
8062
123456789
8064
123456789
8066
123456789
8068
123456789
8070
123456789
8072
123456789
8074
123456789
8076
123456789
8078
123456789
8080
123456789
8082
123456789
8084
123456789
8086
123456789
8088
123456789
8090
123456789
8092
123456789
8094
123456789
8096
123456789
8098
123456789
8100
123456789
8102
123456789
8104
123456789
8106
123456789
8108
123456789
8110
123456789
8112
123456789
8114
123456789
8116
123456789
8118
123456789
8120
123456789
8122
123456789
8124
123456789
8126
123456789
8128
123456789
8130
123456789
8132
123456789
8134
123456789
8136
123456789
8138
123456789
8140
123456789
8142
123456789
8144
123456789
8146
123456789
8148
123456789
8150
123456789
8152
123456789
8154
123456789
8156
123456789
8158
123456789
8160
123456789
8162
123456789
8164
123456789
8166
123456789
8168
123456789
8170
123456789
8172
123456789
8174
123456789
8176
123456789
8178
123456789
8180
123456789
8182
123456789
8184
123456789
8186
123456789
8188
123456789
8190
123456789
8192
123456789
8194
123456789
8196
123456789
8198
123456789
8200
123456789
8202
123456789
8204
123456789
8206
123456789
8208
123456789
8210
123456789
8212
123456789
8214
123456789
8216
123456789
8218
123456789
8220
123456789
8222
123456789
8224
123456789
8226
123456789
8228
123456789
8230
123456789
8232
123456789
8234
123456789
8236
123456789
8238
123456789
8240
123456789
8242
123456789
8244
123456789
8246
123456789
8248
123456789
8250
123456789
8252
123456789
8254
123456789
8256
123456789
8258
123456789
8260
123456789
8262
123456789
8264
123456789
8266
123456789
8268
123456789
8270
123456789
8272
123456789
8274
123456789
8276
123456789
8278
123456789
8280
123456789
8282
123456789
8284
123456789
8286
123456789
8288
123456789
8290
123456789
8292
123456789
8294
123456789
8296
123456789
8298
123456789
8300
123456789
8302
123456789
8304
123456789
8306
123456789
8308
123456789
8310
123456789
8312
123456789
8314
123456789
8316
123456789
8318
123456789
8320
123456789
8322
123456789
8324
123456789
8326
123456789
8328
123456789
8330
123456789
8332
123456789
8334
123456789
8336
123456789
8338
123456789
8340
123456789
8342
123456789
8344
123456789
8346
123456789
8348
123456789
8350
123456789
8352
123456789
8354
123456789
8356
123456789
8358
123456789
8360
123456789
8362
123456789
8364
123456789
8366
123456789
8368
123456789
8370
123456789
8372
123456789
8374
123456789
8376
123456789
8378
123456789
8380
123456789
8382
123456789
8384
123456789
8386
123456789
8388
123456789
8390
123456789
8392
123456789
8394
123456789
8396
123456789
8398
123456789
8400
123456789
8402
123456789
8404
123456789
8406
123456789
8408
123456789
8410
123456789
8412
123456789
8414
123456789
8416
123456789
8418
123456789
8420
123456789
8422
123456789
8424
123456789
8426
123456789
8428
123456789
8430
123456789
8432
123456789
8434
123456789
8436
123456789
8438
123456789
8440
123456789
8442
123456789
8444
123456789
8446
123456789
8448
123456789
8450
123456789
8452
123456789
8454
123456789
8456
123456789
8458
123456789
8460
123456789
8462
123456789
8464
123456789
8466
123456789
8468
123456789
8470
123456789
8472
123456789
8474
123456789
8476
123456789
8478
123456789
8480
123456789
8482
123456789
8484
123456789
8486
123456789
8488
123456789
8490
123456789
8492
123456789
8494
123456789
8496
123456789
8498
123456789
8500
123456789
8502
123456789
8504
123456789
8506
123456789
8508
123456789
8510
123456789
8512
123456789
8514
123456789
8516
123456789
8518
123456789
8520
123456789
8522
123456789
8524
123456789
8526
123456789
8528
123456789
8530
123456789
8532
123456789
8534
123456789
8536
123456789
8538
123456789
8540
123456789
8542
123456789
8544
123456789
8546
123456789
8548
123456789
8550
123456789
8552
123456789
8554
123456789
8556
123456789
8558
123456789
8560
123456789
8562
123456789
8564
123456789
8566
123456789
8568
123456789
8570
123456789
8572
123456789
8574
123456789
8576
123456789
8578
123456789
8580
123456789
8582
123456789
8584
123456789
8586
123456789
8588
123456789
8590
123456789
8592
123456789
8594
123456789
8596
123456789
8598
123456789
8600
123456789
8602
123456789
8604
123456789
8606
123456789
8608
123456789
8610
123456789
8612
123456789
8614
123456789
8616
123456789
8618
123456789
8620
123456789
8622
123456789
8624
123456789
8626
123456789
8628
123456789
8630
123456789
8632
123456789
8634
123456789
8636
123456789
8638
123456789
8640
123456789
8642
123456789
8644
123456789
8646
123456789
8648
123456789
8650
123456789
8652
123456789
8654
123456789
8656
123456789
8658
123456789
8660
123456789
8662
123456789
8664
123456789
8666
123456789
8668
123456789
8670
123456789
8672
123456789
8674
123456789
8676
123456789
8678
123456789
8680
123456789
8682
123456789
8684
123456789
8686
123456789
8688
123456789
8690
123456789
8692
123456789
8694
123456789
8696
123456789
8698
123456789
8700
123456789
8702
123456789
8704
123456789
8706
123456789
8708
123456789
8710
123456789
8712
123456789
8714
123456789
8716
123456789
8718
123456789
8720
123456789
8722
123456789
8724
123456789
8726
123456789
8728
123456789
8730
123456789
8732
123456789
8734
123456789
8736
123456789
8738
123456789
8740
123456789
8742
123456789
8744
123456789
8746
123456789
8748
123456789
8750
123456789
8752
123456789
8754
123456789
8756
123456789
8758
123456789
8760
123456789
8762
123456789
8764
123456789
8766
123456789
8768
123456789
8770
123456789
8772
123456789
8774
123456789
8776
123456789
8778
123456789
8780
123456789
8782
123456789
8784
123456789
8786
123456789
8788
123456789
8790
123456789
8792
123456789
8794
123456789
8796
123456789
8798
123456789
8800
123456789
8802
123456789
8804
123456789
8806
123456789
8808
123456789
8810
123456789
8812
123456789
8814
123456789
8816
123456789
8818
123456789
8820
123456789
8822
123456789
8824
123456789
8826
123456789
8828
123456789
8830
123456789
8832
123456789
8834
123456789
8836
123456789
8838
123456789
8840
123456789
8842
123456789
8844
123456789
8846
123456789
8848
123456789
8850
123456789
8852
123456789
8854
123456789
8856
123456789
8858
123456789
8860
123456789
8862
123456789
8864
123456789
8866
123456789
8868
123456789
8870
123456789
8872
123456789
8874
123456789
8876
123456789
8878
123456789
8880
123456789
8882
123456789
8884
123456789
8886
123456789
8888
123456789
8890
123456789
8892
123456789
8894
123456789
8896
123456789
8898
123456789
8900
123456789
8902
123456789
8904
123456789
8906
123456789
8908
123456789
8910
123456789
8912
123456789
8914
123456789
8916
123456789
8918
123456789
8920
123456789
8922
123456789
8924
123456789
8926
123456789
8928
123456789
8930
123456789
8932
123456789
8934
123456789
8936
123456789
8938
123456789
8940
123456789
8942
123456789
8944
123456789
8946
123456789
8948
123456789
8950
123456789
8952
123456789
8954
123456789
8956
123456789
8958
123456789
8960
123456789
8962
123456789
8964
123456789
8966
123456789
8968
123456789
8970
123456789
8972
123456789
8974
123456789
8976
123456789
8978
123456789
8980
123456789
8982
123456789
8984
123456789
8986
123456789
8988
123456789
8990
123456789
8992
123456789
8994
123456789
8996
123456789
8998
123456789
9000
123456789
9002
123456789
9004
123456789
9006
123456789
9008
123456789
9010
123456789
9012
123456789
9014
123456789
9016
123456789
9018
123456789
9020
123456789
9022
123456789
9024
123456789
9026
123456789
9028
123456789
9030
123456789
9032
123456789
9034
123456789
9036
123456789
9038
123456789
9040
123456789
9042
123456789
9044
123456789
9046
123456789
9048
123456789
9050
123456789
9052
123456789
9054
123456789
9056
123456789
9058
123456789
9060
123456789
9062
123456789
9064
123456789
9066
123456789
9068
123456789
9070
123456789
9072
123456789
9074
123456789
9076
123456789
9078
123456789
9080
123456789
9082
123456789
9084
123456789
9086
123456789
9088
123456789
9090
123456789
9092
123456789
9094
123456789
9096
123456789
9098
123456789
9100
123456789
9102
123456789
9104
123456789
9106
123456789
9108
123456789
9110
123456789
9112
123456789
9114
123456789
9116
123456789
9118
123456789
9120
123456789
9122
123456789
9124
123456789
9126
123456789
9128
123456789
9130
123456789
9132
123456789
9134
123456789
9136
123456789
9138
123456789
9140
123456789
9142
123456789
9144
123456789
9146
123456789
9148
123456789
9150
123456789
9152
123456789
9154
123456789
9156
123456789
9158
123456789
9160
123456789
9162
123456789
9164
123456789
9166
123456789
9168
123456789
9170
123456789
9172
123456789
9174
123456789
9176
123456789
9178
123456789
9180
123456789
9182
123456789
9184
123456789
9186
123456789
9188
123456789
9190
123456789
9192
123456789
9194
123456789
9196
123456789
9198
123456789
9200
123456789
9202
123456789
9204
123456789
9206
123456789
9208
123456789
9210
123456789
9212
123456789
9214
123456789
9216
123456789
9218
123456789
9220
123456789
9222
123456789
9224
123456789
9226
123456789
9228
123456789
9230
123456789
9232
123456789
9234
123456789
9236
123456789
9238
123456789
9240
123456789
9242
123456789
9244
123456789
9246
123456789
9248
123456789
9250
123456789
9252
123456789
9254
123456789
9256
123456789
9258
123456789
9260
123456789
9262
123456789
9264
123456789
9266
123456789
9268
123456789
9270
123456789
9272
123456789
9274
123456789
9276
123456789
9278
123456789
9280
123456789
9282
123456789
9284
123456789
9286
123456789
9288
123456789
9290
123456789
9292
123456789
9294
123456789
9296
123456789
9298
123456789
9300
123456789
9302
123456789
9304
123456789
9306
123456789
9308
123456789
9310
123456789
9312
123456789
9314
123456789
9316
123456789
9318
123456789
9320
123456789
9322
123456789
9324
123456789
9326
123456789
9328
123456789
9330
123456789
9332
123456789
9334
123456789
9336
123456789
9338
123456789
9340
123456789
9342
123456789
9344
123456789
9346
123456789
9348
123456789
9350
123456789
9352
123456789
9354
123456789
9356
123456789
9358
123456789
9360
123456789
9362
123456789
9364
123456789
9366
123456789
9368
123456789
9370
123456789
9372
123456789
9374
123456789
9376
123456789
9378
123456789
9380
123456789
9382
123456789
9384
123456789
9386
123456789
9388
123456789
9390
123456789
9392
123456789
9394
123456789
9396
123456789
9398
123456789
9400
123456789
9402
123456789
9404
123456789
9406
123456789
9408
123456789
9410
123456789
9412
123456789
9414
123456789
9416
123456789
9418
123456789
9420
123456789
9422
123456789
9424
123456789
9426
123456789
9428
123456789
9430
123456789
9432
123456789
9434
123456789
9436
123456789
9438
123456789
9440
123456789
9442
123456789
9444
123456789
9446
123456789
9448
123456789
9450
123456789
9452
123456789
9454
123456789
9456
123456789
9458
123456789
9460
123456789
9462
123456789
9464
123456789
9466
123456789
9468
123456789
9470
123456789
9472
123456789
9474
123456789
9476
123456789
9478
123456789
9480
123456789
9482
123456789
9484
123456789
9486
123456789
9488
123456789
9490
123456789
9492
123456789
9494
123456789
9496
123456789
9498
123456789
9500
123456789
9502
123456789
9504
123456789
9506
123456789
9508
123456789
9510
123456789
9512
123456789
9514
123456789
9516
123456789
9518
123456789
9520
123456789
9522
123456789
9524
123456789
9526
123456789
9528
123456789
9530
123456789
9532
123456789
9534
123456789
9536
123456789
9538
123456789
9540
123456789
9542
123456789
9544
123456789
9546
123456789
9548
123456789
9550
123456789
9552
123456789
9554
123456789
9556
123456789
9558
123456789
9560
123456789
9562
123456789
9564
123456789
9566
123456789
9568
123456789
9570
123456789
9572
123456789
9574
123456789
9576
123456789
9578
123456789
9580
123456789
9582
123456789
9584
123456789
9586
123456789
9588
123456789
9590
123456789
9592
123456789
9594
123456789
9596
123456789
9598
123456789
9600
123456789
9602
123456789
9604
123456789
9606
123456789
9608
123456789
9610
123456789
9612
123456789
9614
123456789
9616
123456789
9618
123456789
9620
123456789
9622
123456789
9624
123456789
9626
123456789
9628
123456789
9630
123456789
9632
123456789
9634
123456789
9636
123456789
9638
123456789
9640
123456789
9642
123456789
9644
123456789
9646
123456789
9648
123456789
9650
123456789
9652
123456789
9654
123456789
9656
123456789
9658
123456789
9660
123456789
9662
123456789
9664
123456789
9666
123456789
9668
123456789
9670
123456789
9672
123456789
9674
123456789
9676
123456789
9678
123456789
9680
123456789
9682
123456789
9684
123456789
9686
123456789
9688
123456789
9690
123456789
9692
123456789
9694
123456789
9696
123456789
9698
123456789
9700
123456789
9702
123456789
9704
123456789
9706
123456789
9708
123456789
9710
123456789
9712
123456789
9714
123456789
9716
123456789
9718
123456789
9720
123456789
9722
123456789
9724
123456789
9726
123456789
9728
123456789
9730
123456789
9732
123456789
9734
123456789
9736
123456789
9738
123456789
9740
123456789
9742
123456789
9744
123456789
9746
123456789
9748
123456789
9750
123456789
9752
123456789
9754
123456789
9756
123456789
9758
123456789
9760
123456789
9762
123456789
9764
123456789
9766
123456789
9768
123456789
9770
123456789
9772
123456789
9774
123456789
9776
123456789
9778
123456789
9780
123456789
9782
123456789
9784
123456789
9786
123456789
9788
123456789
9790
123456789
9792
123456789
9794
123456789
9796
123456789
9798
123456789
9800
123456789
9802
123456789
9804
123456789
9806
123456789
9808
123456789
9810
123456789
9812
123456789
9814
123456789
9816
123456789
9818
123456789
9820
123456789
9822
123456789
9824
123456789
9826
123456789
9828
123456789
9830
123456789
9832
123456789
9834
123456789
9836
123456789
9838
123456789
9840
123456789
9842
123456789
9844
123456789
9846
123456789
9848
123456789
9850
123456789
9852
123456789
9854
123456789
9856
123456789
9858
123456789
9860
123456789
9862
123456789
9864
123456789
9866
123456789
9868
123456789
9870
123456789
9872
123456789
9874
123456789
9876
123456789
9878
123456789
9880
123456789
9882
123456789
9884
123456789
9886
123456789
9888
123456789
9890
123456789
9892
123456789
9894
123456789
9896
123456789
9898
123456789
9900
123456789
9902
123456789
9904
123456789
9906
123456789
9908
123456789
9910
123456789
9912
123456789
9914
123456789
9916
123456789
9918
123456789
9920
123456789
9922
123456789
9924
123456789
9926
123456789
9928
123456789
9930
123456789
9932
123456789
9934
123456789
9936
123456789
9938
123456789
9940
123456789
9942
123456789
9944
123456789
9946
123456789
9948
123456789
9950
123456789
9952
123456789
9954
123456789
9956
123456789
9958
123456789
9960
123456789
9962
123456789
9964
123456789
9966
123456789
9968
123456789
9970
123456789
9972
123456789
9974
123456789
9976
123456789
9978
123456789
9980
123456789
9982
123456789
9984
123456789
9986
123456789
9988
123456789
9990
123456789
9992
123456789
9994
123456789
9996
123456789
9998
123456789
