713328
541222
442700
134508
106214
297899
472831
998757
172041
535726
808210
394738
531479
827854
367575
146315
585077
446160
580555
370532
255814
596815
272036
560109
793957
525008
431325
851990
735845
512852
131099
399243
342691
487143
938875
860509
845476
405430
426139
697216
319153
866077
508737
193937
274219
243454
813292
531088
298188
430510
254741
319723
136796
277481
802561
240475
288556
147078
145158
228487
907667
467621
280343
608134
483779
178756
648814
660003
646727
555057
604341
103673
107003
854682
197810
236349
669544
601056
426636
404059
719035
653962
113758
282905
205792
816982
639287
633880
721664
124554
311338
354872
608692
856041
857625
332379
339109
811745
327898
792514
110018
427808
729251
723667
519549
412935
143415
826716
997891
168439
273389
564338
721717
666088
830009
550482
250791
429529
220217
335144
630133
413953
501086
678990
472797
162084
939861
193900
303229
227265
963249
932894
258250
670152
148023
285747
580618
416937
264390
602097
504847
153095
177984
478646
104912
547980
592986
489882
884229
302134
200604
860048
404030
928655
159125
972235
835297
605978
256222
436157
688927
548809
221321
336443
676402
943244
104230
613564
527861
521732
109681
394016
266656
273301
209436
208654
674238
212730
273813
620981
606445
248882
312659
762068
954449
114360
164962
128853
725781
287088
573033
831763
106559
345277
223028
558205
738127
470512
427011
467987
166164
449787
729870
298477
989547
642852
880851
605403
917845
113717
337310
229191
990931
870928
859540
768023
437344
420639
373691
220110
696492
900681
946825
519314
296817
289121
588264
162600
612468
161881
161891
150107
602713
399316
677104
818940
909859
737080
180474
701988
684327
324546
865417
374388
504267
145812
792976
298365
336865
428649
170579
732604
277146
450282
849011
136413
549321
707993
944440
385344
690645
518089
385082
221433
428826
908593
595403
482577
197180
988886
932676
907915
206697
377733
926251
490337
549738
667778
476126
275564
875782
656698
488831
363330
981652
717557
654939
429081
940058
115112
237112
587594
940135
128007
975803
786865
579657
605527
473972
751505
476523
398752
128839
136308
128687
342338
468983
714544
961988
202943
591696
980645
950820
438326
426673
113347
759501
795088
291989
812073
323834
116787
335453
978728
749885
598868
806683
776614
626203
633353
823581
167038
117028
478556
498868
365508
691565
693052
935425
802950
609004
346414
375547
483374
476847
963777
142079
521861
529882
876670
548276
936402
110971
247710
558041
196767
649995
610325
243118
176444
228836
243341
848668
392701
441593
920046
389090
780670
457879
383640
193661
964360
526902
441427
640851
469643
641499
859390
230459
135371
213294
524964
676877
324119
664434
732460
428098
575668
922534
817775
740583
687672
374072
110789
458852
443090
503041
151832
648067
520839
746656
597370
273919
577816
147575
871507
895019
691551
666780
944850
598235
362520
860349
833156
942419
361245
215796
678563
947147
986601
705058
265030
387387
753726
585451
856406
929001
887585
981197
702816
765964
487779
354590
967206
342843
776891
391842
427217
598135
500239
350278
899425
884786
700498
694428
562084
563195
925255
236211
408325
849064
798819
767025
695324
778078
967409
688720
354500
964127
445583
728275
386825
991024
491093
405028
823936
994470
687990
902635
345937
981453
617759
976876
669583
129333
179836
871646
838664
846585
501530
140708
791415
288909
247207
897162
969783
163107
140949
665597
562898
309050
672926
320711
244632
899588
958882
550245
344875
183379
299083
165703
897303
856447
271569
895620
734655
371734
629818
383608
962482
183520
519897
582075
981629
412142
888599
461822
304346
251167
144175
645476
392518
917615
152435
708347
839888
657692
215501
801527
534284
621717
268000
382921
519656
498402
239148
350721
352246
896331
464175
530301
324648
492870
747433
243468
270746
291327
162905
292547
844969
398470
903587
220315
443938
450320
646707
519142
347029
954443
259450
677932
551527
969347
659255
833126
289575
858921
920626
224886
356024
260646
250913
335777
351149
168252
932173
822506
815764
145109
924751
210029
810345
887179
904148
744628
689291
976787
787712
746745
207563
226982
824719
968409
254592
204206
304086
338385
540536
681897
419655
973272
918793
101725
789843
613849
523878
525721
954026
512203
230381
857379
951007
179150
911261
141731
599143
511492
101028
126763
724895
308074
312918
624513
874957
761650
760539
353099
823615
964959
429119
250294
837840
535163
120781
339907
437769
314936
328053
908591
444836
507969
433514
674941
998699
114909
564521
197826
940991
762720
675059
229612
148437
134701
457563
945680
164763
103755
866587
719054
307928
715235
323297
587332
742801
452628
293895
114956
408679
121043
426368
638418
913758
178754
563950
929271
289753
953995
203633
729435
423905
807738
820890
551402
134532
101524
947613
847718
384730
811064
926501
850860
407331
368817
965313
184710
433453
166901
393212
250444
739825
101757
194123
674072
309084
911424
333791
880165
478828
860910
918650
492003
539952
376647
326014
885882
249490
471030
416193
400023
806321
541613
934781
680248
714118
800126
558532
956304
746216
589043
791600
566840
779979
724042
677304
186131
969027
188465
131679
536315
898919
297850
754407
341901
452625
583867
923779
528590
145026
109412
245225
403833
459553
970814
582502
611942
172868
526909
181708
417016
342087
682913
652519
292035
996409
686575
833677
584663
925303
806215
932115
216014
573712
847361
894524
423022
983815
573129
917260
170268
641303
285588
941147
776446
628753
978590
406502
119722
997600
751618
639807
203440
181806
351349
776900
165856
304031
556927
725741
233402
228379
238999
619967
446417
340394
633370
698142
311386
896279
474951
204735
157047
404951
972890
700699
601562
611939
655203
641023
942520
550176
586530
944128
819692
851072
938434
975373
231333
825858
135183
382237
217294
943764
165813
188358
359543
688280
909430
424303
443237
813413
296392
113982
937235
696580
619177
999819
158627
536635
469471
680950
853829
627431
567953
263572
125058
941154
502267
800100
283461
346692
154994
127871
274439
402661
622773
302702
404822
942496
894411
845558
703042
963444
519519
305486
189348
480580
935989
370737
703819
350014
372040
914799
633027
942265
539713
585086
315972
294007
350998
285613
568245
863530
390940
265241
254363
938131
818123
119865
460258
547109
195533
943540
860390
993640
452290
364339
173214
986170
505171
351216
495462
401936
528336
983757
438952
344282
593032
349026
295110
388324
216645
365614
679495
412856
554274
906734
971484
546689
458538
391724
878381
375083
509647
864847
615844
578118
737187
846576
460438
316265
939126
458477
438377
253268
668332
661430
823751
254509
290138
891812
971294
904556
610429
662281
234833
325458
964152
593219
266686
747988
852456
221963
627052
339574
679173
489706
532177
295666
828631
348810
720638
207607
456658
982442
656296
856974
416944
277868
579796
205080
127914
828904
697438
714516
932243
173572
931205
278269
105360
546363
100566
288175
642935
241849
268820
381098
193572
330121
838081
999279
879090
761221
105292
767623
765276
120013
948631
651907
543120
478772
608643
825694
405420
732499
102842
219135
659737
880192
101625
422779
710592
340442
734648
808631
715661
422907
151480
121451
127231
971632
133608
839361
708424
882213
387347
119165
857192
581497
358953
492887
753088
796273
143176
735043
260373
878473
181768
408914
309796
415972
680352
374001
547452
358724
731704
242031
889308
373973
466124
679037
508426
344548
255513
113230
816525
498190
612903
818205
993544
470771
146067
944429
369588
673129
457208
313611
744088
538988
210938
321584
979624
759795
320238
565316
479063
232862
307561
120956
528217
260683
722052
316356
755514
358920
140553
168279
248373
988515
845148
144811
906098
733822
948553
729002
557152
345662
259078
114138
634570
913538
686852
473406
709272
758224
287704
758198
431301
654283
183776
383010
188377
672865
252692
683492
646082
130625
515979
629570
814964
299369
434823
770859
568922
668446
735550
118801
182423
998357
560134
669812
433342
354702
963099
522272
642026
484160
355152
687021
997147
101295
232049
972132
403950
916250
105680
991873
753335
725905
706228
915667
233949
559140
882938
864545
818355
751383
367367
269479
985935
611794
474379
205533
522440
412212
903699
518905
638929
477127
891148
558731
816844
150766
695599
250886
921581
835739
814893
167679
213548
893246
113976
413485
729926
644472
864619
657169
346737
893902
293271
360911
590810
363992
943948
883386
368669
842809
836448
408109
505632
554185
198975
254902
411533
660237
187823
229069
758890
246632
636510
937410
197238
566539
837514
388565
883362
571497
261549
461183
309833
761990
275459
747214
788333
906861
379386
749293
386128
687455
958773
585409
426221
367881
749181
670416
223505
667311
620740
964925
196280
244581
989047
858510
191272
420989
144255
723535
741060
486778
604596
436047
389774
443235
966559
250279
793149
299827
591178
179291
951670
161517
341703
516313
960298
183884
696986
154527
964652
672057
790595
170105
872813
176342
804588
498503
486582
514775
595019
841053
158913
138160
292340
387109
273589
163849
162367
489599
479100
216687
637969
514408
123906
699716
451754
900280
825036
223894
991786
623141
516819
358701
660544
887238
551868
172894
282097
840946
260469
905469
395521
520358
422541
356015
870722
579589
352657
583197
577302
628569
746335
540452
464130
305848
215144
561226
756465
842595
329799
311883
806113
757128
360473
547505
851439
302055
788984
306882
604762
361905
629912
264787
562166
251116
649276
199931
952112
785587
239638
338466
993209
853306
870938
220728
721329
303504
905245
373186
313265
705533
126543
534670
205748
253611
518802
585928
647939
295424
269494
748902
292124
611241
201363
151742
331390
811699
335330
301335
566580
262547
420793
550492
479931
202534
938657
229773
197682
822066
268149
152592
609277
720267
443608
238533
557526
895985
366611
869975
590705
615479
733867
264462
199881
915359
322363
335073
236140
668416
869843
951432
667040
632041
825773
781616
576657
764576
990087
933928
629017
212099
695042
364728
884458
423344
824598
991090
792763
864352
952752
323072
505932
687757
436361
189661
152599
788533
464228
590432
856725
635639
239395
754258
864714
439066
836582
218209
306671
637996
351842
747373
850426
212488
879258
278207
503788
906737
728637
930170
659319
809947
587356
554185
970025
245449
693285
885912
393273
592752
857504
914143
322445
183931
386822
490457
271302
229896
841049
623475
622057
814063
481061
483007
799114
707843
463217
189256
132919
692465
153953
592416
163870
155526
460843
871574
107836
581293
780915
304195
547555
695445
491206
760771
505831
882032
393200
429825
171462
524920
263834
616810
132754
237325
692131
654852
655644
132698
814394
440728
377342
553493
557429
463466
100932
659748
974897
728617
648056
935933
523015
559170
370250
822886
230215
297263
916728
817659
661300
970925
216479
828270
741948
452363
830974
120713
933234
773790
920131
747951
797929
730481
941365
975552
879247
191514
823038
291163
925347
957992
508402
258878
144373
118488
161184
276905
480121
115495
787092
150272
142344
580418
382822
448783
755795
111577
265379
624296
710500
614962
745077
496807
210963
547193
934258
716183
581729
155157
214014
331598
960533
403318
356190
322259
864881
114539
808635
983744
139408
659504
492110
446434
713278
408516
302830
525053
928627
925752
512499
552077
143758
360260
866662
867559
893483
608116
198087
270110
807744
194623
619770
989153
577114
422808
747759
623553
541390
938685
153069
104337
397182
613005
927451
977958
328171
971447
342059
159934
426802
930829
165219
148925
224612
828823
961864
917618
890213
462628
946249
633720
371553
780924
184069
109784
940422
792272
294235
439212
368354
525235
196684
860382
316378
883362
339183
418991
623907
759102
132401
393716
344801
868539
900262
113659
184090
468176
453104
355339
836182
279503
376523
257641
103798
364751
656275
429303
258605
927300
673427
389271
891647
834257
565963
154541
715317
513139
558877
591426
265402
827934
902804
654053
178486
801542
411793
112268
215460
345940
289651
734040
191441
998072
192930
631126
125172
814237
504089
123970
632260
373976
947950
479910
164827
807770
769086
141024
902053
239045
560570
707362
192292
100795
514824
177267
279332
760466
425912
309171
155670
856900
809252
467323
801355
332291
718466
740067
743407
430570
500137
252445
174207
516878
151486
377118
453160
308435
908250
839357
986942
427515
971961
776244
443509
252025
563074
739108
431488
503044
599502
829429
256548
194183
158295
576730
724279
136821
404062
805875
380826
703418
495321
979980
686513
155628
610199
909251
461851
829728
366705
665831
417170
839449
470992
929179
512257
168668
362261
856890
642525
457983
845256
973589
530977
735775
261376
326104
115626
227889
755467
863402
537803
329744
566012
859379
544142
586133
715951
413272
779336
674149
621785
340834
122232
840772
958672
302268
864412
144103
151956
886619
358895
777159
193882
863480
452355
764338
498451
553689
812023
447931
560125
121614
754069
985009
966245
696086
750315
659182
405720
115554
977475
151974
863461
397521
148641
793087
348112
291835
703673
880511
502421
638666
376843
358081
984375
307937
534684
549538
731397
260128
975634
152312
199271
812352
877003
126945
635531
800857
447547
567641
803526
967044
445056
348038
187945
350010
654659
102734
660610
985019
416494
627528
305452
855722
143428
191024
487700
413941
143938
398259
870856
957715
685744
288874
974494
138215
256707
135364
727999
628449
304178
425468
388686
700419
276307
543658
716953
462912
926962
551829
325371
791200
431053
127846
866283
494849
389487
627384
876772
219576
726535
801931
143442
695669
372260
701463
621398
459460
648047
549950
815414
803888
318213
606138
877508
174306
310960
886454
904585
262151
710145
656889
468046
487151
821420
529820
229575
802610
734463
754461
580797
906989
936384
182540
748278
577482
734851
758979
352194
129086
408677
344082
844229
649227
367719
409368
276604
353958
578378
135438
422702
965363
605348
689309
635601
228428
527645
127152
575637
861600
739529
607812
784017
349753
340673
219419
664840
870646
549280
106512
487287
117878
169431
647589
182846
734358
327597
119961
671657
666418
342295
370357
382970
404520
281712
941669
493653
221658
984565
181924
932488
830065
265279
508272
278004
660351
464478
611196
917436
628573
877615
627556
415785
936691
533402
489179
204695
677366
945482
160353
969568
970123
669737
874417
821059
449898
109784
672246
943793
766845
637608
721885
739924
503848
912312
787493
289180
588419
643051
247443
987206
133827
467525
344642
959467
948695
865634
418616
632579
399757
473331
935284
755925
586420
896790
132196
550204
208029
105872
111698
413367
309627
314474
773918
764013
904137
884614
250727
610810
249930
129276
602915
286427
573676
402613
963759
369458
780742
493251
968704
382359
167712
388955
690295
427867
129170
836784
668242
744217
924773
980109
698912
548892
127061
949231
188109
567367
287544
564765
364603
644837
543608
345284
388657
109262
467772
109139
806253
722578
355525
179856
227830
749669
969972
971350
573037
722151
376137
568972
317217
738927
744134
213698
928065
614643
827153
482410
896108
573238
863737
381137
249444
811695
980048
203705
358401
279410
546391
164724
253698
268638
306487
777663
735967
599746
249035
335161
130426
151308
673052
485982
483763
681296
503012
809060
826747
960273
898259
611633
612928
454575
620944
239735
411047
873741
214423
405774
459255
376093
797153
230732
512946
279307
282721
437539
609471
598403
819947
251639
406722
206080
615951
554458
101230
646034
552771
398086
790577
530090
153982
934583
520205
337029
777249
542370
960646
741139
642832
410966
817559
785859
395006
501102
641311
109549
151079
445839
687449
178811
638614
945092
408266
994868
262407
985428
531060
132583
412967
725181
570887
239473
560663
409807
160182
839500
517744
122311
892583
974996
402240
699846
218084
671094
851634
325806
261135
333591
453676
368217
741523
367678
361490
875829
791157
484063
188328
234208
410089
747845
272020
439356
467969
225659
678594
526223
931296
695928
261249
768153
682861
289317
632170
806547
656771
411531
264481
685345
785413
122398
299093
940339
823503
979936
754785
798590
560872
375379
575541
626385
454867
751039
716270
475575
773604
767548
587713
574089
688815
498269
396536
461389
859869
117497
725523
529999
848440
962455
517904
637978
130918
895669
725317
745458
341874
554581
293161
207473
429413
785957
459410
680637
746580
235241
391514
697987
655635
177991
155963
924690
650855
838959
929881
422326
316121
861285
908447
263855
308039
736845
100289
568941
426036
635473
808960
806186
329024
328210
273357
190949
837234
729000
109125
206678
793137
954712
243866
614163
942770
865105
926706
944190
793100
107267
202120
933224
157575
453341
889201
905159
443475
204225
626137
479695
771509
105222
584588
765008
884444
966057
739312
787819
627026
415410
449775
450994
884430
903358
440275
749339
198598
518894
552586
918081
328769
165003
418921
838968
659371
885909
205261
998059
296194
811559
670332
160915
483309
212040
792074
677109
908684
777904
532920
587865
887946
690548
384407
650403
342991
659121
204841
995440
430418
781361
477384
389679
197420
330845
614081
706713
159143
769440
374008
990862
782646
757331
292911
789166
951934
578250
497601
210192
484338
944314
776392
566147
682524
922821
241502
767998
102423
210308
131009
750918
121882
372751
931600
362044
571695
793068
946162
997664
493249
126514
370582
709894
465267
869433
243316
892851
549262
621665
981042
987412
358483
695035
780259
596571
142126
829271
422443
784088
695691
431499
396989
702672
647619
906940
845221
364892
771022
694412
226273
946880
117724
593697
647690
681286
640703
283406
218673
272662
520992
841216
444164
539189
408626
377607
313807
931832
299812
983807
607103
538691
405775
775994
306115
433378
597199
575531
521387
746562
911503
914546
593650
471565
553917
547999
629752
834977
408476
213797
738024
907660
410297
184348
217913
700038
610101
798258
286671
444363
120672
500816
543073
796340
526183
215941
659349
434416
215684
772049
812776
436644
813684
142896
962634
589276
957223
921153
814405
691244
471376
122097
303294
535976
699771
799625
659701
792253
652382
867473
960167
586506
838760
979391
409363
425950
800183
133600
774745
529743
431494
835778
307933
248116
793698
212604
758955
628128
423070
287546
335765
362140
620061
743208
425272
217375
531756
352859
680605
209324
109682
517847
600603
209801
689599
108480
398329
139479
169890
643936
139057
339955
173815
566513
385744
415560
130525
308488
149434
517998
283302
911039
914923
419107
927367
261310
452664
237732
950735
664933
713492
102569
756693
963095
180559
603482
234826
616294
437496
776466
471373
668344
484291
155406
940861
213683
681733
491122
451209
121674
744636
419001
492643
110724
390444
691862
916148
776965
851716
764556
189513
145851
478367
696422
605898
141927
505799
492116
531467
780646
762291
465602
621372
586876
502065
731287
323067
347068
455199
341959
973962
627285
640211
616501
799898
622044
485147
215209
616678
639986
287007
326186
861117
415891
355938
112600
177463
404955
304615
121608
675112
283540
681519
983133
635571
561728
213729
162815
164566
456607
351843
490971
469219
706910
269573
887991
298542
374972
803837
961840
895714
338938
818220
340146
843535
406623
154624
670099
135966
419173
764819
600588
389605
373859
873616
368149
952949
706520
427349
378620
457584
531921
983572
524418
894937
163319
460660
701906
276516
534840
600021
501055
880780
158288
952817
285305
402883
316340
773213
410411
694308
717370
758319
148404
441572
996328
861177
238495
309927
172120
254227
165186
380783
303621
752855
673648
984432
379958
567558
353723
276222
494819
189928
247242
685032
592200
143601
786706
396830
161701
473310
533172
253645
895919
353599
249427
148651
141143
916271
327088
453293
149333
973918
844068
183095
166225
561552
834777
759403
636205
609981
568581
257506
478226
653753
814148
494649
240438
225839
797041
810787
167431
327303
987841
939420
975735
730247
195741
163485
394467
358485
538970
570219
869890
778906
929238
478794
160966
333473
460592
224432
354834
787615
675780
785300
928953
233261
462691
791396
813742
235761
639851
943542
168590
779899
630536
877206
460678
179499
238022
236959
693249
387535
108658
106117
557010
116842
737196
440910
158459
434001
788523
174081
752408
314895
147917
654838
826187
214728
852665
319469
935781
581178
845588
113083
850893
666943
733116
879103
742768
110607
639268
353427
262661
504835
196460
948638
576155
863380
309915
251142
383010
638018
111900
697827
805523
369008
511892
390606
238205
244717
902460
189400
821869
697262
756958
453367
236313
680502
457424
339131
223081
823095
754952
465311
127042
787858
152379
186939
249809
939739
341495
751895
855024
331384
681625
479353
656472
854568
159147
315551
900451
180256
609278
158952
756156
885264
337824
120589
441318
709477
432729
235406
942981
335784
148744
481446
185229
704419
400757
615072
907046
613699
101299
971171
756824
238712
822196
910025
529081
967034
893192
412270
798096
602662
618868
549187
441797
503686
935019
708641
513095
559183
516556
510491
416569
416292
467351
487501
159386
828791
561677
381713
497135
812624
809859
447696
651152
172102
478146
698613
322348
772810
594591
405405
858425
404131
577778
439403
269724
676979
431157
450168
354769
511865
489531
393127
457112
200016
120106
738391
775516
114101
572982
782129
137921
897894
611260
412545
939433
838885
787416
527906
428707
602555
804995
464946
813106
615962
602412
680901
174869
636571
746577
683413
230488
368070
333627
927062
619158
107696
497556
564520
299240
399263
250950
794598
726351
275273
732881
372891
472730
268442
256200
656628
446452
163059
512296
434512
786638
746032
526838
489620
829220
650498
732276
302780
288431
610715
597248
812332
471111
823529
347626
251908
156082
925017
386159
130130
787565
995613
939734
501313
151509
116264
575207
719183
518675
862325
522115
915132
321986
457896
152932
804766
455038
699820
281169
922354
518411
584604
523582
251756
214303
349853
456190
266960
905133
315336
876134
790170
733295
691494
210752
808983
796335
203443
204680
487062
629874
904165
979463
468345
348737
373606
230217
346437
923958
343645
546685
628793
560095
598636
534985
977180
797938
458866
399687
357007
746286
916975
393183
770305
175177
506088
293314
326305
523739
317057
133537
128078
749222
357639
329576
596811
704801
787344
168859
804654
978143
463641
875915
625175
407457
792527
513332
195390
369845
839146
242390
662789
266376
259123
707247
524781
516559
239719
645137
267428
207470
962323
441861
359963
145956
919903
490555
942358
202515
151815
667885
960093
684495
148100
953871
149744
271395
242570
950869
533911
982842
233546
147234
237526
384304
465528
991111
509728
830038
723239
105344
567619
365052
157424
686567
887329
586014
166481
801652
210591
411822
224530
941970
354453
481978
206434
813246
852902
983865
366497
900798
720938
940695
444855
869660
696167
402362
223201
568062
583423
164433
441804
752900
655458
876888
816569
823133
680163
915274
525761
317957
414825
957028
437778
947103
390652
474578
254040
133259
914527
525592
551031
912837
297853
916031
212691
281370
154875
621946
287251
621767
907277
672084
934522
159632
630597
899863
592085
968729
386631
860507
264819
162501
395640
979690
163086
255752
666292
784684
564072
426027
670462
533652
193008
152156
469650
773254
958180
991567
233399
983715
856753
199542
351024
296403
646389
899800
627281
944301
782726
550481
705647
131398
310155
139205
425168
947795
979240
278082
438850
121277
985815
861073
428391
896161
916017
135992
465934
765312
118093
350928
814973
672138
555935
261502
731338
197986
821506
585073
583433
812718
441264
711479
759168
440285
530701
823387
356182
583893
571268
787391
305898
139352
882793
306290
143839
224946
947774
853646
859957
782626
428529
783888
899923
442594
200866
557685
140192
108277
832227
223342
959026
203821
862776
220160
273309
875797
657629
813114
170381
468449
949351
336884
833391
248753
888419
980000
201897
970044
807610
740624
765514
312350
916310
138244
987868
763808
489694
114573
688406
636257
316893
721187
865678
892766
652065
351904
942828
339491
231840
254327
957017
514990
429492
566196
833590
746940
826663
299346
375433
592050
756586
548755
171763
531562
554367
646719
984445
317432
543798
218780
106224
471864
800660
924645
390819
294903
877456
992235
573615
221914
739192
530597
337887
487758
854256
982901
105507
733869
621338
288825
621732
876297
704881
437739
592370
727129
661327
354901
767448
945662
774383
293780
124497
124208
163277
170920
834964
503882
449001
228597
306667
661806
787882
159353
691842
405622
606079
166474
945114
687288
970401
621643
641149
625013
149108
731851
617996
616799
144972
544795
566803
754117
614444
753674
198430
389212
802538
263935
876262
864203
201295
380081
601828
939059
442746
750854
858374
623097
244292
863590
765247
281778
521438
368380
939608
652938
734198
796201
750404
429680
875417
292036
781938
715586
827122
988370
477339
988528
828337
324350
882748
387311
569894
499381
904893
503645
150765
508224
871535
981260
652964
156831
836213
155630
199606
980351
518521
281051
828860
678136
272608
106177
585818
551429
482167
727144
763077
705664
916972
950464
688868
147065
200922
363754
584916
294451
841788
538305
388901
908476
678594
933891
794210
373767
568801
721471
269454
629352
986789
733757
574665
135499
282402
339076
633619
608849
660840
335436
926951
821096
386901
815009
740008
953317
373796
806320
692826
693473
428803
673553
423271
904461
399714
312689
739618
569460
319879
153659
196360
665740
916575
181347
916002
179095
916655
683151
325799
963356
856136
531682
178399
273886
606009
846278
348738
879190
539038
354644
448254
907505
324375
736451
135928
393352
474259
900428
623498
167576
854859
741430
261994
481950
221163
373346
587307
536593
700619
509685
935484
773787
840092
649437
503823
323349
989405
336354
874325
144254
536461
308907
830212
821976
300699
184394
166746
373344
751898
857637
541531
673032
449104
982338
328438
496242
176590
397006
811975
196043
740825
609386
384437
186497
110758
413842
561051
251267
919653
116555
848964
140276
381140
779721
946575
555051
604053
374554
288339
165002
581018
777363
453019
810552
533628
876052
754450
490941
781706
393978
945978
840026
892063
356578
631382
911235
401644
442677
227432
166746
735093
676436
750645
332745
476696
528737
262980
406460
885895
332807
177829
655416
394775
689672
797710
451100
525009
974785
962273
985363
962021
354971
598569
404690
684287
125553
262691
376276
741458
886329
933434
764208
222352
539281
330186
782483
914332
227336
787270
776992
473622
109254
241782
190657
379989
781656
981624
349768
634196
883132
156582
568902
695619
417861
359320
684135
741854
315372
836064
351816
553146
299443
254388
765623
242299
730871
194025
596422
193796
656978
127418
594795
293862
333225
568808
238198
456249
247065
691931
667759
577768
116441
843047
812204
750150
114860
460746
874157
360799
875877
393873
697908
264874
835127
685851
252356
729370
253784
357525
114805
293620
643986
454052
610448
819067
438534
751681
368717
623398
186013
168254
307719
784435
523052
433607
942265
240020
421251
141604
577688
413032
560402
896794
902668
562181
170840
809810
530315
338801
669450
772273
680404
152592
485053
256582
133445
683000
204560
871715
538682
651936
636216
184771
935043
551159
850601
282185
179264
480177
651294
429417
135131
273979
614278
378048
141250
386672
409675
895453
717408
650884
973152
372963
756727
629437
523526
100167
521085
339650
783931
569012
541360
643692
566880
152270
259702
681945
725253
210899
868149
841855
143123
276509
412620
495389
655445
148741
541452
441293
742244
874434
513367
657718
907598
232846
281075
908318
401954
427209
141483
469021
946043
425911
144163
915277
940583
869380
154997
690717
207698
630216
308429
821284
337972
511494
102589
150642
938035
491118
890206
858498
720438
465154
361060
872396
534856
320534
131996
249848
812581
445232
672645
695533
509060
683471
476168
637351
837825
224553
520469
152262
662086
133260
458587
346819
681109
348037
562148
908862
930069
706687
810219
691346
540854
775332
171931
420682
166978
281727
915237
586029
460579
341057
941053
671541
600331
240354
303858
547614
647683
496288
447144
770105
552660
620547
624244
544320
253580
139905
900243
130596
570349
379292
379399
336674
889144
833449
675631
657012
636753
791469
631394
164483
172399
479456
881864
720635
576354
352019
820565
883127
623009
273293
279779
557851
171568
427793
171883
961088
823755
460572
917087
361481
623121
764138
551239
695669
379567
182136
402966
926510
557959
329444
160168
114590
584158
264592
322266
847937
352927
324902
676966
873781
599855
903701
412250
437453
688718
153338
740788
848038
727814
396410
592380
627345
415700
924459
754462
515567
886288
920562
756546
369563
329530
374855
530090
533984
444323
684054
248071
859243
442005
149278
425272
300380
983328
515164
979937
816374
473058
904994
313252
480310
822866
746208
727678
129184
933610
859556
559040
137940
255406
404990
833000
474304
178269
393532
199196
329679
825363
717557
399139
898111
553464
757921
784352
917648
314025
449541
503500
450841
597537
846509
470414
339892
536291
803441
284729
274169
504359
531418
154178
393513
506847
581982
751133
235169
110884
910022
843187
310350
237122
526353
164386
873535
718045
988850
773265
941846
548062
964693
411406
902457
833726
196159
568007
336677
567597
359346
214433
270050
171423
399055
225368
954513
318869
548950
927859
577601
288227
704618
952643
551489
296323
705424
850904
640177
807894
210357
612896
915889
272402
685455
832093
115515
915660
359548
785154
387756
604739
688743
612586
159357
171335
551433
328948
364368
700548
829131
712927
488838
859791
379018
868542
529965
916043
172979
640088
136471
694648
664590
896000
377446
197306
223608
946635
587651
373217
379944
674835
887981
845786
374899
933543
913231
784625
531754
265740
610474
597825
355649
422357
363890
336762
465163
397914
962261
818606
233441
734232
589749
290648
906113
476293
568055
435017
128787
845646
193908
369297
855527
518223
540653
147622
917146
499854
599643
191763
543992
748404
292548
454816
606491
743241
259498
207098
900817
898603
395773
315616
894075
904586
864785
960393
762802
525956
896170
637332
475685
412088
304147
506542
694301
502697
757455
763642
375649
731441
231367
952000
965237
138943
728385
690453
146685
157391
445042
658338
531968
760516
556618
996948
444424
766372
761101
745951
720645
112176
708514
772239
329361
942910
970213
107053
332142
632662
656887
644971
482572
490885
499029
468972
393127
694401
611814
615923
905036
369050
294125
575142
849276
923289
779423
654174
183722
418776
521006
631790
314526
789277
613476
741198
917916
929301
324683
490563
655806
682281
495465
996076
492286
766495
271338
899340
664496
166351
636981
598255
358060
584160
142304
742682
500393
357727
313760
727412
878405
113787
337336
207211
464929
615552
865650
468196
332329
143055
765740
443843
874610
881014
782954
724723
730684
400401
213098
328050
592758
359516
776724
415644
597536
610035
983599
775699
921868
600009
261617
321192
787742
190017
153679
266312
280371
598253
265938
231334
997181
163329
684427
474113
678828
673778
495773
348209
397993
839984
635800
121236
109212
458653
976326
460815
625389
257545
833150
822595
926791
731436
205975
211054
783064
433470
364310
540155
776822
479639
891976
546055
170428
776798
679915
735441
363121
599440
539846
579485
507177
385264
300601
913028
155781
700101
968656
999644
677462
530996
795953
491424
548511
280122
957844
117276
318776
539782
608498
682807
760975
336722
409526
112924
832297
771036
402705
937255
653030
423813
931754
365769
573954
975973
170226
202712
401815
544296
971988
363351
343808
451337
350795
101853
705497
417290
676175
171204
831554
234221
762631
638640
697794
271122
114210
978681
768648
462926
614753
162327
349325
892868
760140
741642
358741
121762
829604
436739
541237
725659
756376
928659
785166
585308
225810
979150
987671
789966
686089
965082
807673
827751
843065
599994
625555
345324
972431
647378
892510
624071
146718
215926
938955
275041
698128
452883
445769
875869
271798
282842
815651
787089
847424
364228
244069
575201
287336
352135
233087
968410
524712
259892
476642
696264
510572
891369
320583
743636
156162
572090
927375
190301
855790
282551
923845
970929
781530
325593
821280
484617
903595
721711
319684
742783
676590
899648
704968
674572
269457
696924
207827
962658
299791
876676
809440
379523
563491
647762
478656
212253
629758
194821
912318
100866
762387
199373
569117
697608
738063
891600
674430
492953
716390
985495
812158
591064
939976
909753
210620
131729
853331
499105
459896
200955
710498
615070
841175
388814
201667
835879
558691
940379
279687
752521
136176
521740
189330
520910
116345
773048
878578
575500
279048
798787
625804
608199
711380
920944
685393
921508
700453
666596
618000
947243
609043
662841
795494
220727
831052
848763
213680
649374
697813
836802
563585
178456
826248
849549
161647
547566
901755
607863
410375
868800
999969
492281
476577
824786
979914
990716
722382
119860
334118
558873
457357
910221
528807
625071
228702
643459
564995
964223
700270
318026
435864
682119
333040
573479
831467
215962
225197
114591
253929
380793
645234
218529
578350
978544
750792
235020
942532
727311
231585
327102
353379
547811
937774
394971
513559
976657
724110
615350
544639
655918
870112
389055
193074
476414
195833
536169
311036
438119
978769
244918
598342
239761
293048
302946
857907
417980
706791
261289
593638
783230
576944
712022
634849
594232
570935
722633
886825
681331
455578
452291
369925
870204
990028
704145
162821
177050
550015
879219
619424
405992
688511
844168
139509
717491
735708
603480
177555
935569
756000
307645
539764
883420
517247
558095
573508
899434
590859
836043
945535
392778
771207
755359
740760
908541
923892
368724
368247
284751
173799
708473
327642
577425
383131
210472
135516
907284
288483
696471
132018
178627
935864
912829
478706
709597
524272
861470
460847
126606
200848
623765
463807
199050
649752
323038
183101
898373
324092
264125
519498
917906
605524
651726
457231
981173
833321
753770
615549
553351
388815
677618
953558
227142
837042
686267
881028
560054
594633
886103
428390
224408
522728
208156
596172
287046
310097
894099
583416
363592
915466
419295
804004
902454
677545
950183
487010
327626
393708
811682
822526
634016
688966
620702
294368
621774
544948
589005
361038
277722
406573
350573
283950
353053
230487
702803
809513
905362
622519
635923
709196
323834
678944
259982
489959
917295
942093
566968
852408
140099
678089
858500
384258
345012
110667
785359
577270
457006
502848
113958
813652
841150
401281
821109
262315
698095
157283
683053
928924
643426
558541
763473
421501
907822
760387
331934
664729
669746
281857
492884
319444
930291
182724
896293
689581
571863
805507
210072
950844
895740
234587
643802
224378
519957
541863
219939
805152
703074
132110
824032
697800
476300
279063
401826
177328
695546
281015
370755
286461
795698
465387
450992
751291
212559
159265
937239
964099
266139
873553
303278
660021
863498
361833
477373
779781
160500
749669
374442
618866
471628
560926
986336
851857
913185
839065
664890
969288
260016
523968
960241
954263
673476
836270
447488
931249
374924
550212
349840
747111
274327
556889
205221
855718
531374
677166
948164
234711
272493
881790
210559
228964
272096
717300
236511
954555
538647
383416
577677
307946
866790
602338
971965
491594
942267
612527
241527
331129
639836
575888
232835
835455
739740
540447
162384
970866
845882
444397
527681
610837
591127
104151
876310
232507
113490
312119
847922
482922
612257
793847
896526
257818
444142
472512
309689
229980
803435
487088
208522
832279
869108
183946
885700
581358
306112
960456
189028
799006
612963
258507
104554
821123
460259
556723
905794
925050
354773
807402
270990
421953
910004
990554
923826
632379
743709
661695
235035
707824
277353
473079
206028
495793
720232
834038
821319
920728
259639
473014
859541
675757
428893
461740
434034
325606
372872
912438
613304
894854
271039
256336
480038
929542
138595
370501
353388
475442
700711
340739
981622
185898
257577
399239
649459
983464
516044
426776
377120
322753
258227
342864
455190
895556
250876
406740
110413
527584
983543
277284
964395
109827
751106
591214
893294
808092
944354
683997
828561
168834
773952
294799
383166
959694
571485
815557
543216
560642
731188
984211
484740
488173
297322
512407
521564
613031
445364
388422
360783
435702
327238
438818
355057
653492
870259
317448
569498
728423
993126
278789
412757
377392
832572
639305
422759
173983
338267
918228
401530
917123
910163
678380
972742
950624
332112
272689
600539
981529
327001
675720
712653
301037
210120
352083
706203
819101
959814
806433
492126
829547
846659
135266
205419
218367
671630
231859
981638
532355
100663
966584
492003
971822
467583
223943
140441
475710
548888
730977
472934
974398
509887
512060
897369
734535
675858
339355
248032
603715
702767
129087
730222
752493
673515
867286
457832
368147
876332
582290
441837
778141
435812
735701
305344
142664
887306
253480
435859
234219
463862
514891
471922
728955
678393
913830
847529
317706
589239
598366
685106
245962
126274
237284
239679
851887
109300
232359
945056
746226
413193
574986
735506
566545
623510
911920
276741
300244
803786
875123
921128
734699
451007
954900
410898
587668
226909
823116
526415
226360
799052
320577
402246
745525
434675
702325
771940
672406
702354
989209
757831
750942
806328
252894
284584
511939
762754
774988
651653
357783
980401
460011
887306
864771
966535
337950
747516
147564
431709
156529
236961
880311
567332
619815
167504
106184
643126
819542
739505
988518
270392
448334
801552
121531
720559
833940
554435
573527
660155
519341
572437
220948
641076
797621
845966
528277
351456
172176
813121
855911
806223
875608
762739
708009
994227
787317
610531
266248
833535
933450
325338
807203
913690
520908
880623
886542
164224
854510
310423
250769
681110
782135
505608
846928
644167
597269
333705
787398
628896
940971
492824
744938
545029
804262
870231
918900
892878
806189
896148
250649
374625
449174
861651
152209
922861
193366
704346
456794
666112
412657
892216
319062
711206
845007
159123
645135
395166
506543
377070
735194
450555
931669
938259
183897
578292
516830
712322
523419
308968
561461
391542
324894
419026
129823
821776
427637
323044
651280
814659
435524
421155
869184
823739
620456
494847
720568
305706
650676
785325
243206
886769
140405
183203
271825
483815
984631
102352
105894
207529
729889
508534
454832
294078
805276
213540
494598
481414
244817
881876
176095
319070
105775
479421
235873
771667
398412
931286
300054
996193
826883
701800
127680
346886
622684
213519
692931
375432
240841
335213
438944
620447
719884
475851
304323
152736
840118
533612
441234
974727
214058
770224
643974
908961
506048
965506
201462
559699
987590
467998
502062
664459
955073
380067
778047
249729
314545
111184
812431
721097
920850
697247
511153
887127
518719
114171
277552
502991
743505
449215
447142
989001
332389
786700
113865
901310
844827
428646
995716
713137
645786
802412
415139
351293
920658
211506
256583
607446
573881
304668
432474
602974
345015
687866
668765
805192
477117
103707
277213
940609
134640
649519
280421
768607
768868
316701
366732
484041
856195
606877
209487
140993
824557
293555
857817
990922
102841
511496
178814
794810
281305
888231
253191
362173
732987
383633
463176
287107
397068
633534
396654
728999
215224
915345
807828
722941
311308
208054
617652
982904
894333
152730
467322
984885
332929
783943
897908
981895
744314
238907
839494
699584
137107
639716
870011
196088
168323
248698
910229
412797
605327
370616
289285
161848
848684
864857
459766
498391
365282
195659
695428
848317
183564
972979
857962
187234
939803
184221
160313
467784
524538
212573
235717
107835
612237
914855
471032
259204
567539
152199
543722
525291
683690
519102
611880
357414
730257
748923
228721
901442
608872
626385
713312
565644
843764
515450
315492
491645
136736
646024
206667
773312
813021
130115
106940
176705
878761
310853
881956
927412
630030
314350
959657
662175
899745
471460
598042
542693
124331
936074
520935
383920
952548
867548
370765
267195
234843
437189
225674
731769
635634
968669
819854
964772
275238
712674
321202
274822
665421
717169
296611
400381
914456
873953
838358
511855
143448
476925
803680
403851
727228
714428
910717
448567
889368
613759
166446
951291
796706
864966
584832
299530
997910
575823
131431
680328
244090
572108
696490
948540
372539
284639
320439
400147
992214
704725
839095
356558
980531
589213
517244
324618
395371
848612
747991
384042
462890
995598
924007
370371
988175
424562
198380
921956
863953
640466
915545
522975
991164
904118
231815
101112
595673
103812
766886
689514
941835
232926
907150
256496
829974
896953
341972
223671
382522
870005
701177
418365
863773
319357
561820
458853
372326
678749
248240
348187
479461
369147
778600
686910
365425
718292
360878
781327
577802
481492
666739
472213
444380
572976
186113
969834
221829
649732
175596
381861
178893
874820
736966
669092
323956
575905
226450
430038
953611
532155
701809
277795
840344
294269
948120
495609
599004
563258
697187
421556
633777
942849
864962
961928
463149
846143
309905
664750
799236
968754
163942
219369
988266
568070
333540
244628
188597
795086
553708
680074
957632
863072
906163
484817
332588
829453
757358
191555
694882
137819
999882
832443
488852
966337
126712
433081
326273
168159
898149
650962
349847
216632
715528
926231
741554
135501
634453
660511
507587
122071
491566
210004
497292
273088
370969
883095
843527
800222
180045
372273
916262
128013
465606
630648
187574
593224
867320
173178
511869
687204
900448
352392
144962
737321
508277
642786
301227
810478
966782
490491
782817
988304
503485
605833
999825
876238
407721
818155
615244
384932
724409
392471
141485
168514
142972
657823
285946
388169
458758
551519
585124
137986
244005
566598
830089
238842
610066
148223
282041
550589
816290
361499
302325
969806
548060
585724
467379
809760
955781
669568
503966
116564
981111
545192
486043
842544
371184
748997
595718
772536
574535
622174
870651
515372
193689
632639
535792
344254
585729
744322
397215
543790
834151
689075
133954
458308
639087
788866
434967
468008
944626
177962
581603
527457
912202
529209
792019
257065
923014
973948
660989
959690
394717
526953
658533
215064
268256
516520
774555
287305
738024
298238
388226
607925
384335
254807
185772
736102
283834
449711
892768
754204
915859
400766
494206
554912
626710
858942
650041
558371
775713
946234
105187
863026
733038
149012
667655
473688
985373
174259
492527
158096
185994
798728
445445
270725
589855
187739
542359
512777
899842
128343
605812
842766
244942
676238
209746
922436
864543
811562
237714
902832
817095
988850
710364
973285
542366
880917
955300
445121
211862
232534
754446
428007
408108
885875
596045
423060
801434
791572
587975
132960
244522
658925
550836
141235
537157
179760
859301
483746
583370
383922
559746
555461
863194
865656
915916
206710
324015
732638
949441
276231
910029
512355
785341
873696
541041
730741
251933
438197
732326
259476
418175
896896
937750
241702
214054
160896
776125
975831
232954
389581
439354
252074
886316
123510
594751
871328
316919
806137
280839
948355
263777
333310
789223
603024
480000
614961
508637
784736
137530
866203
682853
781873
707493
917436
468331
982005
940686
539815
948442
342199
383573
902809
483443
758853
925844
652471
288921
570718
349184
684003
643337
730490
735465
348058
386184
664656
883676
817070
824756
131752
212167
590587
629212
258174
449212
406216
171436
491055
512687
290941
331552
726180
674618
803643
737049
369464
363296
124411
802510
692967
637453
710727
255898
959957
309116
261423
668851
430039
256915
406954
975355
891778
641513
229258
771183
756207
582024
230841
293693
719304
743662
717077
363410
371218
844621
955718
168817
355126
118417
167768
399488
413390
152322
134330
350525
252584
763615
254289
399789
967770
313515
921177
523509
778210
878084
897722
127746
588184
757965
901251
278306
513204
169262
552805
689845
257397
272306
917006
896062
362965
865742
771361
917460
637286
708289
227183
782582
995400
566966
110612
708603
312011
591654
935056
446502
706652
723483
363776
653240
350702
678991
541560
919584
526534
571124
140576
191821
983266
121901
360648
740133
528422
909112
522441
356398
787877
890671
794810
721321
706505
506660
781867
340318
602592
298154
921666
226674
871875
650674
951856
107094
366819
560371
427566
873978
185970
647235
597273
377822
557836
538146
553192
675624
208512
170806
252742
791857
632639
256336
766544
300538
303743
915373
636780
478173
593612
153209
726596
657982
530988
193518
753342
993152
308525
658939
740537
336756
543918
732192
335078
319660
301191
825269
615712
676909
473941
564105
675850
846947
408102
661416
377156
256718
815197
306774
443177
409658
154147
573657
607176
857261
383690
808915
102877
781498
770335
681004
788556
895314
169228
461998
554553
587994
708103
139178
520326
913239
856666
549656
294218
999462
288719
615675
732235
265672
965784
572067
335128
317915
121113
840364
916389
740260
726035
673508
444291
940135
555981
389706
893211
346233
127072
957938
892039
196685
565536
263621
438766
675755
987139
558917
503162
751551
268655
243725
715480
710061
703780
568407
215979
232738
895170
338744
640557
653317
903160
524070
797123
892557
352715
888249
958299
872620
762112
604047
606565
516041
453286
317802
128235
581995
337923
466804
228014
785489
853049
611267
510559
465535
307220
620887
457367
937747
303251
616095
526996
169814
668240
261372
594512
905294
214926
969886
493183
317903
601630
743658
135525
625714
331214
664317
447313
397854
909838
982378
458266
561858
980449
703455
434069
503300
491869
900038
172496
408244
689662
344775
334638
573082
705805
465035
121696
303247
986312
798491
928860
670855
100335
385895
360956
620139
525962
130306
512917
387973
302458
919530
533106
756660
438363
635590
899405
687392
735538
709129
683498
117799
790169
667603
172720
558806
246820
406454
460453
492979
284207
133877
806917
881655
284998
831241
173502
706457
404272
398109
105546
648997
765497
707737
473002
806252
975387
652413
455260
230517
571272
332515
828473
428369
916407
120166
964334
669164
295304
805410
783220
717568
585974
538641
314030
569059
924408
458004
265215
867552
111187
590899
960869
203971
849024
528091
462678
140270
939157
290534
542453
555305
227699
946617
748145
930902
625164
815238
898042
715650
848590
384754
887745
335768
428497
182577
301932
511440
966456
976909
970994
335812
747687
660518
646073
316066
816322
105747
896489
842494
414654
362182
874444
532351
407431
353582
128549
836762
530700
269494
967883
617276
296426
685131
412224
865440
326100
708506
689394
194336
384188
246584
771565
101193
894977
537595
873498
825095
408404
766022
809785
563231
433608
203970
699702
758268
576151
946759
737803
719648
850987
163418
472498
925564
744528
428720
841925
151292
152499
332145
215092
492825
605334
324472
294146
375282
159955
485750
927965
158069
303882
524887
870776
359638
669801
279676
858823
357698
742583
982503
571734
541038
664286
639734
117125
883176
969811
759366
616420
445935
273890
783256
554247
375807
532570
111345
109255
460740
636531
316188
402453
377008
995896
861354
676635
338503
623700
131706
421617
229111
283741
700147
875353
993414
534232
336910
956472
585667
365479
597136
522641
451742
446070
417333
273567
963348
983742
782185
341550
274851
904467
937199
380183
433500
215345
977092
526455
661558
172862
201022
649770
929022
555387
581007
922249
310668
110668
442949
893278
509586
815906
420211
408671
272238
662690
268554
246191
404062
537268
708769
125868
176563
942185
220661
404918
529693
120233
766857
931134
735014
597209
564942
461478
198108
318854
222845
457242
696294
648048
837089
517771
810999
848790
995795
134308
809824
667546
334909
872235
940128
697520
970528
279190
751415
329928
330480
468742
149560
116854
128988
467429
643389
553722
277996
834232
529524
604017
802436
258593
549558
217816
398949
266323
941304
296983
136467
571282
605755
685298
828497
544871
659647
999975
357095
815902
230772
146757
220870
986172
582128
577898
435778
201632
871325
458710
224990
709588
995466
652145
722758
965360
996897
138358
289237
641131
562393
272187
521911
194975
626434
314334
503273
385528
367453
318093
540893
380889
136238
627090
663865
983851
864042
627001
711199
408354
984171
501248
150087
788911
644866
929498
228168
609851
168459
247999
116149
112615
903004
315604
998916
140253
442904
374546
115275
344754
563392
960918
908707
489435
458377
878372
810191
680360
432329
436569
384853
991649
929258
533388
894314
945564
830401
486207
606093
295096
314456
162856
338729
686618
508775
174935
810270
997857
871138
280771
113114
735720
102572
239701
297888
905079
527913
721808
434090
796070
743664
375676
835051
333936
814176
707886
243693
211727
939338
756981
907641
330234
532076
177732
841462
585144
684413
662103
403816
811391
307396
589379
238937
784334
764963
774303
656950
556995
786641
847049
640432
685818
522086
254902
760931
149154
354799
623514
453075
198013
986401
401424
201905
241749
783146
784583
807454
390006
347811
849897
435815
911083
224385
170536
265326
413881
739691
901319
510793
626130
183526
422659
208612
819863
124140
235709
976417
245485
567612
954373
611424
873242
541290
939011
152953
377212
773303
201317
517574
505671
325339
334880
305406
933689
678847
269957
655228
177084
151367
556579
250334
340055
957932
953234
613193
236721
181544
140515
396746
841347
213546
635841
702935
573241
456586
241923
510388
686757
620023
418162
764530
846655
910027
622866
534322
213757
794400
496334
527015
257291
503004
675716
910393
336584
844263
225002
966885
227932
926685
323548
566946
127449
555295
365348
556766
906286
993828
967812
322599
993282
149453
538018
907366
195059
991734
529713
241222
857259
243241
630968
858931
798843
275436
152769
622941
766903
429146
367264
405659
461998
797520
711582
817484
763876
198845
130849
194488
587565
782684
988793
518293
909576
714815
832490
924551
251830
370337
437393
114111
755766
533917
515893
645827
510335
245213
298604
424014
436665
168395
916775
212558
189304
392611
421786
288908
970390
195657
417644
864265
366507
131127
707543
972355
176876
263727
977437
725719
672637
188079
250920
226432
150292
830658
176795
282717
260588
940754
159258
368689
753890
836380
263378
301892
551632
369084
363943
189319
390148
714599
142905
941941
105148
564920
636914
739989
450336
388738
904206
511067
262875
495876
224999
818542
501079
464314
242653
831428
761973
816976
883166
583370
878342
667890
620599
423872
292777
692606
956247
404481
761090
460059
486780
116960
629234
805539
483005
329901
222297
179612
644851
105751
144709
689732
326149
120972
539765
789322
485711
781372
703054
821018
131949
662620
795961
117936
239113
229638
171864
464878
523583
318749
891555
323336
134858
977902
346724
908221
442701
574706
443402
426112
762208
660176
379470
262868
664532
228607
345728
985110
521701
393417
397516
572660
940091
215884
513007
446748
845181
958618
359536
652207
509395
810656
947357
612916
331670
484739
991843
871144
237366
924006
414217
986067
288423
972456
529386
229847
943017
598411
553869
216098
115923
837871
796867
454082
550876
709693
373372
755416
625733
649792
989670
422405
904614
873773
959427
403553
445555
440707
351013
873930
926411
487533
607401
675001
250237
362309
162094
680881
745144
999955
670224
872625
414989
931922
776037
965257
252163
694356
844659
546729
701943
728124
508429
819252
271949
561289
355496
698835
831991
232658
247038
152679
877153
448140
594974
284566
119063
834409
386925
242726
954772
671259
702653
505064
933480
705783
960744
203148
337476
342484
747562
987602
916741
798546
297081
328929
721819
375991
983426
525136
186261
638324
374336
686081
878060
559431
704251
671598
245928
640346
790587
502459
132882
125544
664776
265899
353687
350048
511392
326671
201525
921058
417523
645753
361765
127686
875807
798479
949062
161948
525859
940922
214722
618413
925154
287262
540991
947841
598998
647044
506756
148282
419085
323379
775109
668958
296869
536190
741901
675410
468864
341687
326440
326273
211588
644320
467306
287868
677490
829890
855871
363611
500864
595702
944464
361154
946677
239393
434255
344638
669121
464446
348863
596751
857143
587315
542786
647200
741767
921636
946977
837233
287676
655398
402450
568278
745647
292620
482633
236024
340870
593502
619165
233785
592269
669736
316981
242485
360207
286095
968175
228036
345585
377469
762253
736027
773995
879997
176605
621363
954084
116675
133668
523425
512777
689154
741158
184100
611465
900257
501076
989470
888144
751624
691346
209017
931390
296084
556708
220459
160292
881962
460532
309684
311290
129704
639555
753636
813856
721079
130954
290906
333615
158301
294475
872583
798426
204047
954073
420592
575046
465475
475488
936594
620036
515939
765619
417504
608455
296126
887089
501896
290375
583416
774642
580340
298800
378914
440627
423917
454631
335332
976412
327609
173819
376855
498155
437189
116004
905039
374687
658142
420186
334293
498594
158872
650036
133363
156467
989010
284476
117545
621520
886641
783948
197788
751773
267208
636871
322734
978515
439833
376726
254025
622920
456662
932605
738420
434966
299104
173082
225192
747691
257233
138777
264701
737229
158869
450455
120157
661031
695410
383761
532954
238293
818664
414919
440027
648904
483155
283827
189649
948438
585198
316448
353704
292865
648722
787369
786074
429410
757149
137776
584637
574322
927533
651831
543389
496885
628491
341406
277316
202947
344196
686874
922741
712180
751250
162542
863992
356360
124090
891496
516943
588816
189135
147738
612583
449436
777364
895988
836267
367938
887102
623419
551667
828616
303479
777256
878617
560270
225119
291615
603276
489787
169901
820586
140573
893538
849844
920146
317719
751600
419841
574234
308396
589109
820960
864855
635146
723949
101949
640176
825004
892266
641096
213102
391149
195200
127923
426464
758199
470636
938933
743918
753305
471202
325649
348279
524760
615121
108976
953033
975164
402069
304266
573916
497195
578746
152836
442444
328947
849383
783188
809394
927393
744142
399296
909949
649647
610703
703908
633266
852793
240068
749874
485277
914448
441484
227347
657331
443208
779127
990508
745446
790028
469611
753340
164612
888593
795569
893665
312908
982344
443839
109659
116173
476045
206531
715688
580093
978813
777640
743823
226068
966084
853480
759448
977987
808916
544719
810584
146963
888018
319111
326890
751422
409706
862054
591513
685924
440482
719024
739802
672107
943468
680073
969590
886583
767318
445307
145094
915714
159003
630977
315607
466936
913916
826510
444876
598897
614921
924349
658403
380364
814361
627670
543856
800132
876730
441081
637125
516017
672770
966506
117139
520606
803908
974137
253738
547523
786526
385740
149820
463743
399534
160812
520928
284915
168549
997481
291859
258077
581364
357099
441785
869968
834659
726294
617312
903212
845057
722552
426789
889664
483861
521747
254480
745817
777970
761986
652571
472804
253706
416521
154832
203560
135386
438685
388656
774329
746338
789613
860367
809147
927256
716844
331005
976084
618674
299100
464128
136715
345473
635001
515293
855971
877694
324479
964629
259822
574076
189528
949964
144304
151869
948710
897029
426833
184193
549065
798408
203678
278777
552590
500134
369854
833113
504597
152404
924204
336331
668733
450770
421269
549505
588814
640016
632079
930594
643074
225958
243507
294438
363601
229441
802713
946877
769527
475870
497167
450633
240804
386703
926006
425068
145441
864570
721754
520859
257498
866977
517419
871858
888972
186780
862396
286210
367116
657090
396536
570565
559409
400615
630012
959570
445311
942335
880660
153324
549169
477985
711894
174741
618370
764935
730677
820895
815128
923441
832707
605571
811342
694377
734823
211467
759389
368801
589047
571945
612870
942072
593105
143563
320350
324284
843548
577446
122550
457674
861910
275695
742470
888657
931097
343977
151158
391028
429327
666840
198217
343149
378606
286676
487398
491439
157715
740729
442244
727685
901335
807483
837681
998838
959792
679639
130399
814345
479431
721125
975820
270213
217265
732010
561836
179185
452172
963689
191765
914555
968760
169337
434599
512948
602383
429234
850998
825176
581794
409825
450485
922379
134738
391868
524929
547455
335592
925935
616615
864050
304881
801972
121331
592085
353978
698016
994070
110055
657284
595098
559507
311999
892483
872232
822534
622409
521305
964546
279953
618535
675402
479559
770693
173369
747963
334446
856489
703928
655980
228597
132810
158876
731856
549461
831071
420829
876453
186711
621176
179158
953524
233439
969379
777253
114726
357223
969402
970351
475328
919207
102860
425217
289149
317007
377254
910194
545511
801879
617438
689860
695314
838158
266844
693353
734549
755758
715686
321858
354789
264753
319654
302178
185968
935389
606138
953201
192147
234906
581879
341388
354553
425125
661691
957130
493360
337341
592174
422042
456617
296026
238804
913864
297964
305341
190962
310078
247734
757698
882426
954599
575696
771507
931060
505327
196269
888535
613003
218534
673440
572007
102770
426499
416791
710816
315345
526437
703384
764468
107184
607957
132534
248571
352894
304903
405424
922344
346046
973791
329894
650838
254031
964017
984889
189441
623639
666592
350366
462832
309131
313768
464863
974608
519965
333240
718830
506365
881955
172950
198119
668665
653376
413766
283841
299359
721265
331846
972144
987249
536214
198449
841786
659149
417402
515811
526323
551742
879937
283803
595384
487759
801582
226268
673669
707578
840302
338094
772403
329663
471204
673411
975474
775856
692882
383091
601502
373225
289729
303880
328289
644733
324621
662198
536965
485835
113071
911458
556564
686831
308200
278627
989422
160501
797127
827046
516518
655529
868248
291979
179258
653610
457290
852461
601036
317405
280090
380607
503490
724189
566945
548338
929335
286383
872311
191699
904219
801556
254466
699761
357870
445368
575967
139964
907700
381736
123020
903049
273078
867137
582191
757202
789045
169058
407303
124570
395563
686147
161261
429390
928672
510847
397350
931015
289062
425421
978280
814221
534545
882957
240806
217301
257238
567933
271226
723402
854303
653259
513006
555690
737321
526533
964615
159207
689146
297900
368495
139534
915682
118471
741790
602276
709101
890068
839427
702956
879265
765625
862580
584742
376507
670361
196016
156210
211457
767906
718477
988177
601219
188738
455140
578508
232242
373466
131765
488014
517309
634603
174487
989740
718693
311565
859168
427301
938620
907295
307502
260805
231102
891832
234288
275171
750731
126716
570452
166506
450945
320426
371405
788309
100274
435378
302944
953908
304039
183236
335435
432683
287985
470596
479539
141145
377191
905081
274537
381750
152577
374340
949689
864437
588688
342062
669806
958697
547128
797466
301349
696452
185835
550202
909516
990554
238722
841406
799319
541605
628763
264583
574943
979938
274186
247097
246359
305880
674013
310543
735340
367577
454801
190952
705720
449920
209610
699327
790500
507194
737843
673560
436088
220290
505426
427286
215168
857221
633127
785418
729212
888036
985857
948166
854180
496759
188573
990800
441846
489518
396060
688818
940222
757203
604735
172110
221056
668939
386882
995886
836197
345404
801874
255385
914176
538601
107180
508866
383484
290392
552436
235195
919620
762068
105807
211239
379662
309838
787357
412588
188261
332798
363158
479111
142321
253384
386432
200858
255333
290842
103338
891904
603429
756530
616360
267010
928402
162268
535436
407266
665492
177496
877469
184724
252003
442490
872087
574668
685425
354539
802367
238162
922327
605997
233792
955890
154811
504988
603111
456048
845211
543728
903703
181017
730489
710015
261418
775125
628354
623775
900613
187609
693212
294505
105943
251513
785548
582745
844398
238042
668098
716946
816054
699812
142465
503423
331406
253687
527535
651315
937224
298325
881685
605586
800989
817469
130867
222505
122475
205464
919460
601048
204365
524396
170665
563312
330389
174126
914868
362038
103496
436180
797875
549191
999254
963881
865847
970423
265812
372665
874945
191506
803384
627244
572616
283523
116913
308528
437033
375570
224384
849454
438987
686856
467222
320447
348717
997551
125132
815288
151119
846389
486489
382784
306970
575983
204468
617474
837101
246873
189638
815581
727973
364251
766794
185945
321607
608456
605700
626581
480013
299328
344796
182812
109324
407253
509366
702997
480318
104491
922511
232505
853904
834169
607253
921024
268426
923468
642019
623572
648726
445066
649880
391047
300719
101651
236307
716833
608455
901540
415693
617329
961077
163766
112147
541668
284570
863555
831999
831220
977806
808072
318290
890744
906732
464422
267312
575737
488887
424835
809847
835396
780455
944078
909085
299131
517555
811615
724870
413863
882172
390652
461375
347784
624628
152312
846426
696172
659946
292533
406566
729950
316019
260715
646186
306134
674071
407777
337374
647151
555253
980952
222533
746453
932083
767592
528939
628541
585862
167105
717304
495023
395834
631315
855214
964830
341438
859465
686436
696088
372624
252048
944447
287672
939361
529110
567114
199033
734660
720142
245682
173509
764472
295856
514081
985388
393487
127260
303349
374512
961882
458527
354523
804125
231988
275790
315341
711830
576744
319727
543494
146570
132671
288408
207198
760582
312778
679471
358375
396356
981960
448176
167842
982401
739924
236461
152510
659084
289871
567759
341358
915449
533285
783771
110630
265494
320831
566736
263858
772149
866788
978829
705139
190536
212716
696464
184695
410091
876707
693368
870387
423131
317207
310124
759936
663813
379998
867124
828208
924217
815142
761029
597675
995804
640122
870587
517258
433373
850830
960798
221103
301535
131176
863559
352703
888501
614891
730620
526398
579117
164161
681143
883365
514403
556772
748549
707586
382838
627849
188298
441516
429079
173225
551265
834784
965821
130733
667425
715389
498006
702934
391228
737722
407544
144615
241057
977951
254070
151215
639393
791462
250862
638135
603886
460463
814463
884964
923839
169242
908439
504169
437457
611237
710890
458444
565448
269154
809280
290643
535795
105363
682661
130059
547853
175525
750532
677173
262239
260742
303245
381133
867234
153861
397331
989273
251491
690181
227251
288426
677728
402717
838478
532210
608591
447791
448919
760194
258269
730787
750120
220862
811091
687871
215567
690976
459605
156965
906150
242982
811045
665897
610336
362489
830852
840813
410335
372091
358200
321467
841507
499500
108649
516767
204317
522040
201254
116479
258625
639392
773541
590519
943290
142020
961159
257877
260087
764074
461689
279758
334947
301102
970519
464603
343091
361543
931979
360820
722232
636049
521395
739015
537908
657659
380641
326036
788041
397999
239132
147144
654189
896506
756355
866068
542586
527768
917106
418442
917922
664573
667197
787540
895231
517666
829305
562448
822664
709130
922618
148652
858208
691407
830839
714906
421897
727086
993130
561872
370198
303628
448979
235839
839486
144067
728892
546765
707435
916846
285495
465713
343378
892557
870532
450955
281278
725460
986735
764573
111877
930326
710518
614410
412892
590058
197383
965866
271206
817847
837096
437447
371911
946018
260017
407351
630968
621712
938995
915286
833843
603482
612668
295711
594189
335405
940818
290310
604803
746682
781981
649334
393709
340385
384418
427778
774864
190196
924841
872394
960016
179563
526592
752396
331298
223300
483832
853380
843583
481109
217677
386178
775220
388208
966916
862151
711638
431857
428877
708667
848948
549607
605447
113677
365509
295933
441154
708232
524544
168675
834144
168911
130506
764094
102165
982581
437769
620488
925422
217115
843191
315301
594926
706791
452787
178084
905490
908893
304530
625071
149718
531901
885651
781007
736113
572312
152367
461502
540092
579376
914575
568138
777840
812140
890104
895299
375052
631380
298753
937506
829462
633327
109189
156053
324441
911479
390452
474379
506636
818838
911524
844601
258484
928383
563652
283430
724639
468843
570801
665913
470097
433006
272642
122653
941469
236853
841662
624175
774089
344095
802670
207588
323123
351349
249164
166553
432082
587271
706554
231672
292117
853797
767312
342787
238376
666454
794477
288225
786070
818681
762542
373986
627496
157302
537725
589201
520810
675391
921089
707413
288111
418472
728787
327747
341291
878976
956465
551172
824190
207275
109963
153471
309105
629054
930810
294659
698393
102455
190800
862610
807480
982166
245931
713517
561282
220027
751492
221176
963997
928061
135204
504042
876482
814820
451445
410420
303041
641957
103446
262475
186913
728376
907753
204532
755396
409718
233543
784939
679272
190196
170099
245071
130634
136759
551883
935821
274598
937875
715834
180456
260569
282852
605163
964674
204039
258472
893048
352842
884985
631703
126689
807042
494462
822079
999001
883595
947634
710945
773689
574927
409500
886402
377976
854923
998641
261199
477458
131543
744406
833520
207428
111604
862690
436967
497530
218705
949826
692774
655072
607481
694934
168586
631541
748540
657433
318711
692734
241752
314623
119953
681271
423780
596567
730421
860419
504666
993967
271570
927780
810847
582966
107752
740198
983568
847644
563899
757142
574250
105654
359027
914193
202901
742430
320755
323223
876910
932888
237587
634014
710288
600943
150845
276162
922366
302877
383425
270202
353808
609641
816501
153542
575352
331979
288621
750212
880944
636395
867858
711266
979553
228328
326946
961838
802162
778772
703941
122666
891147
221660
743111
237819
977925
446598
994166
666432
365169
377043
225530
256799
932769
544516
391563
647931
703511
282168
624596
883202
993544
615059
852931
546627
499020
701819
782889
943453
891525
148380
336788
392562
950089
945675
457926
774458
859309
909672
846450
272212
718416
216988
132531
175991
340962
611586
814697
537255
609487
692834
722033
382499
871884
979736
408511
633819
918013
969460
805083
641183
924928
409658
479061
980851
514778
261545
316454
819391
360059
895833
765317
889890
126256
570205
239490
746502
482246
990505
651650
712750
550070
769549
763128
816077
468401
771678
695005
879312
542153
625142
727435
872635
733369
369074
307131
941714
131794
805114
906297
687277
220483
620157
691969
316431
713157
836890
785817
726320
405376
927739
702443
327157
523325
543708
831709
736705
487978
811914
562158
859430
980099
590886
224943
682100
271811
148264
537755
592242
655334
655936
372053
424778
821274
586488
664669
375645
455170
590102
498158
421592
903846
242558
241623
310463
278811
590099
519508
779334
878922
550110
951304
778143
600704
588007
389561
600685
563698
217184
892904
526487
575658
447170
354156
695128
349618
184654
797706
477555
702140
182454
187475
747907
847755
268084
548474
754193
270466
648216
507568
129951
333255
425471
413886
841441
575540
876414
272958
862443
133946
292990
260055
850725
371826
997282
204595
550396
745537
407108
904190
845106
532294
922653
698397
773205
629796
230883
592905
182157
957543
267116
513671
691407
374613
925521
644709
806447
693906
705742
956211
456690
974127
886726
258939
243393
136209
987172
408734
544569
308634
595996
998797
902912
374134
467503
609249
713074
357731
831021
827639
851385
977149
866613
345707
442747
491942
291512
618896
479821
897807
218268
820970
805510
326950
968573
807528
134350
225180
375469
982113
221749
217776
648027
795274
153472
246237
487538
717041
958622
493694
811608
936089
177880
215770
591191
502834
377255
624335
287129
890740
474560
207647
110828
943800
440970
688465
793477
559891
943408
477798
175584
220528
275986
327546
495046
983913
117302
546130
129863
654914
173084
776456
561511
704770
541615
621583
396597
753646
299415
928133
315702
996260
316075
447765
750401
728465
858467
711334
300067
290447
738188
931748
603650
563455
551637
212201
227935
803775
556775
240711
603701
829127
137361
670388
109438
147622
947168
697523
627284
209300
602478
293275
898836
968596
804786
580934
450591
961385
271669
725816
284411
119281
832997
103498
422807
725217
768194
851826
614475
994879
531157
787505
732317
821206
831585
315640
280128
242298
532785
167832
997591
857304
503057
807333
819896
457113
964473
760934
381643
433971
323460
631003
277873
102092
159871
751243
309314
737612
351037
200586
640399
177853
704550
528547
258470
409634
863728
388648
647571
449169
784134
209011
692707
157550
392804
272567
447140
326630
879845
992200
143241
677445
634964
600004
203594
941076
578750
769372
278535
878514
484777
929859
278989
464494
732190
194962
750834
342239
587073
329270
713850
776896
780129
354263
157019
180778
376043
801477
605374
207536
732441
591201
703548
162641
659624
391845
704360
462334
457927
796529
901932
597481
227243
667955
953067
928485
934239
265938
931237
224352
413785
396504
983129
463418
310760
464217
489668
262112
160970
149028
741704
178858
931417
271237
784681
108525
740773
808148
510736
763261
699293
973438
132978
139907
791335
985773
656331
474327
198895
542167
800996
259546
248156
856224
583284
952563
590494
501965
656418
127844
453156
505126
425352
118568
640778
779911
132659
194059
825199
742052
768007
661062
228196
997974
307743
137365
622113
909861
581555
831831
203794
573684
606290
691682
352430
664804
811599
671616
514760
623430
743320
288234
868030
943905
539680
152255
332303
643676
379071
625952
263850
788264
187023
611244
829985
779053
770743
463795
210940
914128
881093
550714
235914
231102
168052
810218
799603
401111
644461
237204
726472
410425
661290
303557
496604
615016
859222
736322
787756
679511
792880
828001
919481
792534
733742
441699
153047
871417
759101
554097
384734
857184
379527
151570
778845
585960
752782
448039
204078
194381
409492
927556
107396
764314
141533
448875
390178
389839
269868
406854
475845
182862
603819
719008
457665
549666
646438
325952
589354
160172
762934
326947
850505
612811
384027
997078
880302
665287
756931
102285
594020
351419
332359
815779
266976
609660
314581
937582
598291
786186
406760
928414
178463
448115
799571
726770
915814
888126
922429
537398
921502
840698
623909
917181
733249
882532
536167
899447
456193
815279
546679
951472
259673
161427
882506
473285
468574
527668
531125
923555
340116
295086
549805
375806
675325
865338
563725
245355
737324
305088
283413
110010
183736
601145
713807
194163
898060
966719
772142
799052
958587
975667
315055
795620
843377
467467
860866
997759
238724
446774
366465
231263
534761
555245
289726
417659
310595
549560
283740
941022
598199
653466
177620
329087
385691
347451
667608
