0
1234567
2
1234567
4
1234567
6
1234567
8
1234567
10
1234567
12
1234567
14
1234567
16
1234567
18
1234567
20
1234567
22
1234567
24
1234567
26
1234567
28
1234567
30
1234567
32
1234567
34
1234567
36
1234567
38
1234567
40
1234567
42
1234567
44
1234567
46
1234567
48
1234567
50
1234567
52
1234567
54
1234567
56
1234567
58
1234567
60
1234567
62
1234567
64
1234567
66
1234567
68
1234567
70
1234567
72
1234567
74
1234567
76
1234567
78
1234567
80
1234567
82
1234567
84
1234567
86
1234567
88
1234567
90
1234567
92
1234567
94
1234567
96
1234567
98
1234567
100
1234567
102
1234567
104
1234567
106
1234567
108
1234567
110
1234567
112
1234567
114
1234567
116
1234567
118
1234567
120
1234567
122
1234567
124
1234567
126
1234567
128
1234567
130
1234567
132
1234567
134
1234567
136
1234567
138
1234567
140
1234567
142
1234567
144
1234567
146
1234567
148
1234567
150
1234567
152
1234567
154
1234567
156
1234567
158
1234567
160
1234567
162
1234567
164
1234567
166
1234567
168
1234567
170
1234567
172
1234567
174
1234567
176
1234567
178
1234567
180
1234567
182
1234567
184
1234567
186
1234567
188
1234567
190
1234567
192
1234567
194
1234567
196
1234567
198
1234567
200
1234567
202
1234567
204
1234567
206
1234567
208
1234567
210
1234567
212
1234567
214
1234567
216
1234567
218
1234567
220
1234567
222
1234567
224
1234567
226
1234567
228
1234567
230
1234567
232
1234567
234
1234567
236
1234567
238
1234567
240
1234567
242
1234567
244
1234567
246
1234567
248
1234567
250
1234567
252
1234567
254
1234567
256
1234567
258
1234567
260
1234567
262
1234567
264
1234567
266
1234567
268
1234567
270
1234567
272
1234567
274
1234567
276
1234567
278
1234567
280
1234567
282
1234567
284
1234567
286
1234567
288
1234567
290
1234567
292
1234567
294
1234567
296
1234567
298
1234567
300
1234567
302
1234567
304
1234567
306
1234567
308
1234567
310
1234567
312
1234567
314
1234567
316
1234567
318
1234567
320
1234567
322
1234567
324
1234567
326
1234567
328
1234567
330
1234567
332
1234567
334
1234567
336
1234567
338
1234567
340
1234567
342
1234567
344
1234567
346
1234567
348
1234567
350
1234567
352
1234567
354
1234567
356
1234567
358
1234567
360
1234567
362
1234567
364
1234567
366
1234567
368
1234567
370
1234567
372
1234567
374
1234567
376
1234567
378
1234567
380
1234567
382
1234567
384
1234567
386
1234567
388
1234567
390
1234567
392
1234567
394
1234567
396
1234567
398
1234567
400
1234567
402
1234567
404
1234567
406
1234567
408
1234567
410
1234567
412
1234567
414
1234567
416
1234567
418
1234567
420
1234567
422
1234567
424
1234567
426
1234567
428
1234567
430
1234567
432
1234567
434
1234567
436
1234567
438
1234567
440
1234567
442
1234567
444
1234567
446
1234567
448
1234567
450
1234567
452
1234567
454
1234567
456
1234567
458
1234567
460
1234567
462
1234567
464
1234567
466
1234567
468
1234567
470
1234567
472
1234567
474
1234567
476
1234567
478
1234567
480
1234567
482
1234567
484
1234567
486
1234567
488
1234567
490
1234567
492
1234567
494
1234567
496
1234567
498
1234567
500
1234567
502
1234567
504
1234567
506
1234567
508
1234567
510
1234567
512
1234567
514
1234567
516
1234567
518
1234567
520
1234567
522
1234567
524
1234567
526
1234567
528
1234567
530
1234567
532
1234567
534
1234567
536
1234567
538
1234567
540
1234567
542
1234567
544
1234567
546
1234567
548
1234567
550
1234567
552
1234567
554
1234567
556
1234567
558
1234567
560
1234567
562
1234567
564
1234567
566
1234567
568
1234567
570
1234567
572
1234567
574
1234567
576
1234567
578
1234567
580
1234567
582
1234567
584
1234567
586
1234567
588
1234567
590
1234567
592
1234567
594
1234567
596
1234567
598
1234567
600
1234567
602
1234567
604
1234567
606
1234567
608
1234567
610
1234567
612
1234567
614
1234567
616
1234567
618
1234567
620
1234567
622
1234567
624
1234567
626
1234567
628
1234567
630
1234567
632
1234567
634
1234567
636
1234567
638
1234567
640
1234567
642
1234567
644
1234567
646
1234567
648
1234567
650
1234567
652
1234567
654
1234567
656
1234567
658
1234567
660
1234567
662
1234567
664
1234567
666
1234567
668
1234567
670
1234567
672
1234567
674
1234567
676
1234567
678
1234567
680
1234567
682
1234567
684
1234567
686
1234567
688
1234567
690
1234567
692
1234567
694
1234567
696
1234567
698
1234567
700
1234567
702
1234567
704
1234567
706
1234567
708
1234567
710
1234567
712
1234567
714
1234567
716
1234567
718
1234567
720
1234567
722
1234567
724
1234567
726
1234567
728
1234567
730
1234567
732
1234567
734
1234567
736
1234567
738
1234567
740
1234567
742
1234567
744
1234567
746
1234567
748
1234567
750
1234567
752
1234567
754
1234567
756
1234567
758
1234567
760
1234567
762
1234567
764
1234567
766
1234567
768
1234567
770
1234567
772
1234567
774
1234567
776
1234567
778
1234567
780
1234567
782
1234567
784
1234567
786
1234567
788
1234567
790
1234567
792
1234567
794
1234567
796
1234567
798
1234567
800
1234567
802
1234567
804
1234567
806
1234567
808
1234567
810
1234567
812
1234567
814
1234567
816
1234567
818
1234567
820
1234567
822
1234567
824
1234567
826
1234567
828
1234567
830
1234567
832
1234567
834
1234567
836
1234567
838
1234567
840
1234567
842
1234567
844
1234567
846
1234567
848
1234567
850
1234567
852
1234567
854
1234567
856
1234567
858
1234567
860
1234567
862
1234567
864
1234567
866
1234567
868
1234567
870
1234567
872
1234567
874
1234567
876
1234567
878
1234567
880
1234567
882
1234567
884
1234567
886
1234567
888
1234567
890
1234567
892
1234567
894
1234567
896
1234567
898
1234567
900
1234567
902
1234567
904
1234567
906
1234567
908
1234567
910
1234567
912
1234567
914
1234567
916
1234567
918
1234567
920
1234567
922
1234567
924
1234567
926
1234567
928
1234567
930
1234567
932
1234567
934
1234567
936
1234567
938
1234567
940
1234567
942
1234567
944
1234567
946
1234567
948
1234567
950
1234567
952
1234567
954
1234567
956
1234567
958
1234567
960
1234567
962
1234567
964
1234567
966
1234567
968
1234567
970
1234567
972
1234567
974
1234567
976
1234567
978
1234567
980
1234567
982
1234567
984
1234567
986
1234567
988
1234567
990
1234567
992
1234567
994
1234567
996
1234567
998
1234567
1000
1234567
1002
1234567
1004
1234567
1006
1234567
1008
1234567
1010
1234567
1012
1234567
1014
1234567
1016
1234567
1018
1234567
1020
1234567
1022
1234567
1024
1234567
1026
1234567
1028
1234567
1030
1234567
1032
1234567
1034
1234567
1036
1234567
1038
1234567
1040
1234567
1042
1234567
1044
1234567
1046
1234567
1048
1234567
1050
1234567
1052
1234567
1054
1234567
1056
1234567
1058
1234567
1060
1234567
1062
1234567
1064
1234567
1066
1234567
1068
1234567
1070
1234567
1072
1234567
1074
1234567
1076
1234567
1078
1234567
1080
1234567
1082
1234567
1084
1234567
1086
1234567
1088
1234567
1090
1234567
1092
1234567
1094
1234567
1096
1234567
1098
1234567
1100
1234567
1102
1234567
1104
1234567
1106
1234567
1108
1234567
1110
1234567
1112
1234567
1114
1234567
1116
1234567
1118
1234567
1120
1234567
1122
1234567
1124
1234567
1126
1234567
1128
1234567
1130
1234567
1132
1234567
1134
1234567
1136
1234567
1138
1234567
1140
1234567
1142
1234567
1144
1234567
1146
1234567
1148
1234567
1150
1234567
1152
1234567
1154
1234567
1156
1234567
1158
1234567
1160
1234567
1162
1234567
1164
1234567
1166
1234567
1168
1234567
1170
1234567
1172
1234567
1174
1234567
1176
1234567
1178
1234567
1180
1234567
1182
1234567
1184
1234567
1186
1234567
1188
1234567
1190
1234567
1192
1234567
1194
1234567
1196
1234567
1198
1234567
1200
1234567
1202
1234567
1204
1234567
1206
1234567
1208
1234567
1210
1234567
1212
1234567
1214
1234567
1216
1234567
1218
1234567
1220
1234567
1222
1234567
1224
1234567
1226
1234567
1228
1234567
1230
1234567
1232
1234567
1234
1234567
1236
1234567
1238
1234567
1240
1234567
1242
1234567
1244
1234567
1246
1234567
1248
1234567
1250
1234567
1252
1234567
1254
1234567
1256
1234567
1258
1234567
1260
1234567
1262
1234567
1264
1234567
1266
1234567
1268
1234567
1270
1234567
1272
1234567
1274
1234567
1276
1234567
1278
1234567
1280
1234567
1282
1234567
1284
1234567
1286
1234567
1288
1234567
1290
1234567
1292
1234567
1294
1234567
1296
1234567
1298
1234567
1300
1234567
1302
1234567
1304
1234567
1306
1234567
1308
1234567
1310
1234567
1312
1234567
1314
1234567
1316
1234567
1318
1234567
1320
1234567
1322
1234567
1324
1234567
1326
1234567
1328
1234567
1330
1234567
1332
1234567
1334
1234567
1336
1234567
1338
1234567
1340
1234567
1342
1234567
1344
1234567
1346
1234567
1348
1234567
1350
1234567
1352
1234567
1354
1234567
1356
1234567
1358
1234567
1360
1234567
1362
1234567
1364
1234567
1366
1234567
1368
1234567
1370
1234567
1372
1234567
1374
1234567
1376
1234567
1378
1234567
1380
1234567
1382
1234567
1384
1234567
1386
1234567
1388
1234567
1390
1234567
1392
1234567
1394
1234567
1396
1234567
1398
1234567
1400
1234567
1402
1234567
1404
1234567
1406
1234567
1408
1234567
1410
1234567
1412
1234567
1414
1234567
1416
1234567
1418
1234567
1420
1234567
1422
1234567
1424
1234567
1426
1234567
1428
1234567
1430
1234567
1432
1234567
1434
1234567
1436
1234567
1438
1234567
1440
1234567
1442
1234567
1444
1234567
1446
1234567
1448
1234567
1450
1234567
1452
1234567
1454
1234567
1456
1234567
1458
1234567
1460
1234567
1462
1234567
1464
1234567
1466
1234567
1468
1234567
1470
1234567
1472
1234567
1474
1234567
1476
1234567
1478
1234567
1480
1234567
1482
1234567
1484
1234567
1486
1234567
1488
1234567
1490
1234567
1492
1234567
1494
1234567
1496
1234567
1498
1234567
1500
1234567
1502
1234567
1504
1234567
1506
1234567
1508
1234567
1510
1234567
1512
1234567
1514
1234567
1516
1234567
1518
1234567
1520
1234567
1522
1234567
1524
1234567
1526
1234567
1528
1234567
1530
1234567
1532
1234567
1534
1234567
1536
1234567
1538
1234567
1540
1234567
1542
1234567
1544
1234567
1546
1234567
1548
1234567
1550
1234567
1552
1234567
1554
1234567
1556
1234567
1558
1234567
1560
1234567
1562
1234567
1564
1234567
1566
1234567
1568
1234567
1570
1234567
1572
1234567
1574
1234567
1576
1234567
1578
1234567
1580
1234567
1582
1234567
1584
1234567
1586
1234567
1588
1234567
1590
1234567
1592
1234567
1594
1234567
1596
1234567
1598
1234567
1600
1234567
1602
1234567
1604
1234567
1606
1234567
1608
1234567
1610
1234567
1612
1234567
1614
1234567
1616
1234567
1618
1234567
1620
1234567
1622
1234567
1624
1234567
1626
1234567
1628
1234567
1630
1234567
1632
1234567
1634
1234567
1636
1234567
1638
1234567
1640
1234567
1642
1234567
1644
1234567
1646
1234567
1648
1234567
1650
1234567
1652
1234567
1654
1234567
1656
1234567
1658
1234567
1660
1234567
1662
1234567
1664
1234567
1666
1234567
1668
1234567
1670
1234567
1672
1234567
1674
1234567
1676
1234567
1678
1234567
1680
1234567
1682
1234567
1684
1234567
1686
1234567
1688
1234567
1690
1234567
1692
1234567
1694
1234567
1696
1234567
1698
1234567
1700
1234567
1702
1234567
1704
1234567
1706
1234567
1708
1234567
1710
1234567
1712
1234567
1714
1234567
1716
1234567
1718
1234567
1720
1234567
1722
1234567
1724
1234567
1726
1234567
1728
1234567
1730
1234567
1732
1234567
1734
1234567
1736
1234567
1738
1234567
1740
1234567
1742
1234567
1744
1234567
1746
1234567
1748
1234567
1750
1234567
1752
1234567
1754
1234567
1756
1234567
1758
1234567
1760
1234567
1762
1234567
1764
1234567
1766
1234567
1768
1234567
1770
1234567
1772
1234567
1774
1234567
1776
1234567
1778
1234567
1780
1234567
1782
1234567
1784
1234567
1786
1234567
1788
1234567
1790
1234567
1792
1234567
1794
1234567
1796
1234567
1798
1234567
1800
1234567
1802
1234567
1804
1234567
1806
1234567
1808
1234567
1810
1234567
1812
1234567
1814
1234567
1816
1234567
1818
1234567
1820
1234567
1822
1234567
1824
1234567
1826
1234567
1828
1234567
1830
1234567
1832
1234567
1834
1234567
1836
1234567
1838
1234567
1840
1234567
1842
1234567
1844
1234567
1846
1234567
1848
1234567
1850
1234567
1852
1234567
1854
1234567
1856
1234567
1858
1234567
1860
1234567
1862
1234567
1864
1234567
1866
1234567
1868
1234567
1870
1234567
1872
1234567
1874
1234567
1876
1234567
1878
1234567
1880
1234567
1882
1234567
1884
1234567
1886
1234567
1888
1234567
1890
1234567
1892
1234567
1894
1234567
1896
1234567
1898
1234567
1900
1234567
1902
1234567
1904
1234567
1906
1234567
1908
1234567
1910
1234567
1912
1234567
1914
1234567
1916
1234567
1918
1234567
1920
1234567
1922
1234567
1924
1234567
1926
1234567
1928
1234567
1930
1234567
1932
1234567
1934
1234567
1936
1234567
1938
1234567
1940
1234567
1942
1234567
1944
1234567
1946
1234567
1948
1234567
1950
1234567
1952
1234567
1954
1234567
1956
1234567
1958
1234567
1960
1234567
1962
1234567
1964
1234567
1966
1234567
1968
1234567
1970
1234567
1972
1234567
1974
1234567
1976
1234567
1978
1234567
1980
1234567
1982
1234567
1984
1234567
1986
1234567
1988
1234567
1990
1234567
1992
1234567
1994
1234567
1996
1234567
1998
1234567
2000
1234567
2002
1234567
2004
1234567
2006
1234567
2008
1234567
2010
1234567
2012
1234567
2014
1234567
2016
1234567
2018
1234567
2020
1234567
2022
1234567
2024
1234567
2026
1234567
2028
1234567
2030
1234567
2032
1234567
2034
1234567
2036
1234567
2038
1234567
2040
1234567
2042
1234567
2044
1234567
2046
1234567
2048
1234567
2050
1234567
2052
1234567
2054
1234567
2056
1234567
2058
1234567
2060
1234567
2062
1234567
2064
1234567
2066
1234567
2068
1234567
2070
1234567
2072
1234567
2074
1234567
2076
1234567
2078
1234567
2080
1234567
2082
1234567
2084
1234567
2086
1234567
2088
1234567
2090
1234567
2092
1234567
2094
1234567
2096
1234567
2098
1234567
2100
1234567
2102
1234567
2104
1234567
2106
1234567
2108
1234567
2110
1234567
2112
1234567
2114
1234567
2116
1234567
2118
1234567
2120
1234567
2122
1234567
2124
1234567
2126
1234567
2128
1234567
2130
1234567
2132
1234567
2134
1234567
2136
1234567
2138
1234567
2140
1234567
2142
1234567
2144
1234567
2146
1234567
2148
1234567
2150
1234567
2152
1234567
2154
1234567
2156
1234567
2158
1234567
2160
1234567
2162
1234567
2164
1234567
2166
1234567
2168
1234567
2170
1234567
2172
1234567
2174
1234567
2176
1234567
2178
1234567
2180
1234567
2182
1234567
2184
1234567
2186
1234567
2188
1234567
2190
1234567
2192
1234567
2194
1234567
2196
1234567
2198
1234567
2200
1234567
2202
1234567
2204
1234567
2206
1234567
2208
1234567
2210
1234567
2212
1234567
2214
1234567
2216
1234567
2218
1234567
2220
1234567
2222
1234567
2224
1234567
2226
1234567
2228
1234567
2230
1234567
2232
1234567
2234
1234567
2236
1234567
2238
1234567
2240
1234567
2242
1234567
2244
1234567
2246
1234567
2248
1234567
2250
1234567
2252
1234567
2254
1234567
2256
1234567
2258
1234567
2260
1234567
2262
1234567
2264
1234567
2266
1234567
2268
1234567
2270
1234567
2272
1234567
2274
1234567
2276
1234567
2278
1234567
2280
1234567
2282
1234567
2284
1234567
2286
1234567
2288
1234567
2290
1234567
2292
1234567
2294
1234567
2296
1234567
2298
1234567
2300
1234567
2302
1234567
2304
1234567
2306
1234567
2308
1234567
2310
1234567
2312
1234567
2314
1234567
2316
1234567
2318
1234567
2320
1234567
2322
1234567
2324
1234567
2326
1234567
2328
1234567
2330
1234567
2332
1234567
2334
1234567
2336
1234567
2338
1234567
2340
1234567
2342
1234567
2344
1234567
2346
1234567
2348
1234567
2350
1234567
2352
1234567
2354
1234567
2356
1234567
2358
1234567
2360
1234567
2362
1234567
2364
1234567
2366
1234567
2368
1234567
2370
1234567
2372
1234567
2374
1234567
2376
1234567
2378
1234567
2380
1234567
2382
1234567
2384
1234567
2386
1234567
2388
1234567
2390
1234567
2392
1234567
2394
1234567
2396
1234567
2398
1234567
2400
1234567
2402
1234567
2404
1234567
2406
1234567
2408
1234567
2410
1234567
2412
1234567
2414
1234567
2416
1234567
2418
1234567
2420
1234567
2422
1234567
2424
1234567
2426
1234567
2428
1234567
2430
1234567
2432
1234567
2434
1234567
2436
1234567
2438
1234567
2440
1234567
2442
1234567
2444
1234567
2446
1234567
2448
1234567
2450
1234567
2452
1234567
2454
1234567
2456
1234567
2458
1234567
2460
1234567
2462
1234567
2464
1234567
2466
1234567
2468
1234567
2470
1234567
2472
1234567
2474
1234567
2476
1234567
2478
1234567
2480
1234567
2482
1234567
2484
1234567
2486
1234567
2488
1234567
2490
1234567
2492
1234567
2494
1234567
2496
1234567
2498
1234567
2500
1234567
2502
1234567
2504
1234567
2506
1234567
2508
1234567
2510
1234567
2512
1234567
2514
1234567
2516
1234567
2518
1234567
2520
1234567
2522
1234567
2524
1234567
2526
1234567
2528
1234567
2530
1234567
2532
1234567
2534
1234567
2536
1234567
2538
1234567
2540
1234567
2542
1234567
2544
1234567
2546
1234567
2548
1234567
2550
1234567
2552
1234567
2554
1234567
2556
1234567
2558
1234567
2560
1234567
2562
1234567
2564
1234567
2566
1234567
2568
1234567
2570
1234567
2572
1234567
2574
1234567
2576
1234567
2578
1234567
2580
1234567
2582
1234567
2584
1234567
2586
1234567
2588
1234567
2590
1234567
2592
1234567
2594
1234567
2596
1234567
2598
1234567
2600
1234567
2602
1234567
2604
1234567
2606
1234567
2608
1234567
2610
1234567
2612
1234567
2614
1234567
2616
1234567
2618
1234567
2620
1234567
2622
1234567
2624
1234567
2626
1234567
2628
1234567
2630
1234567
2632
1234567
2634
1234567
2636
1234567
2638
1234567
2640
1234567
2642
1234567
2644
1234567
2646
1234567
2648
1234567
2650
1234567
2652
1234567
2654
1234567
2656
1234567
2658
1234567
2660
1234567
2662
1234567
2664
1234567
2666
1234567
2668
1234567
2670
1234567
2672
1234567
2674
1234567
2676
1234567
2678
1234567
2680
1234567
2682
1234567
2684
1234567
2686
1234567
2688
1234567
2690
1234567
2692
1234567
2694
1234567
2696
1234567
2698
1234567
2700
1234567
2702
1234567
2704
1234567
2706
1234567
2708
1234567
2710
1234567
2712
1234567
2714
1234567
2716
1234567
2718
1234567
2720
1234567
2722
1234567
2724
1234567
2726
1234567
2728
1234567
2730
1234567
2732
1234567
2734
1234567
2736
1234567
2738
1234567
2740
1234567
2742
1234567
2744
1234567
2746
1234567
2748
1234567
2750
1234567
2752
1234567
2754
1234567
2756
1234567
2758
1234567
2760
1234567
2762
1234567
2764
1234567
2766
1234567
2768
1234567
2770
1234567
2772
1234567
2774
1234567
2776
1234567
2778
1234567
2780
1234567
2782
1234567
2784
1234567
2786
1234567
2788
1234567
2790
1234567
2792
1234567
2794
1234567
2796
1234567
2798
1234567
2800
1234567
2802
1234567
2804
1234567
2806
1234567
2808
1234567
2810
1234567
2812
1234567
2814
1234567
2816
1234567
2818
1234567
2820
1234567
2822
1234567
2824
1234567
2826
1234567
2828
1234567
2830
1234567
2832
1234567
2834
1234567
2836
1234567
2838
1234567
2840
1234567
2842
1234567
2844
1234567
2846
1234567
2848
1234567
2850
1234567
2852
1234567
2854
1234567
2856
1234567
2858
1234567
2860
1234567
2862
1234567
2864
1234567
2866
1234567
2868
1234567
2870
1234567
2872
1234567
2874
1234567
2876
1234567
2878
1234567
2880
1234567
2882
1234567
2884
1234567
2886
1234567
2888
1234567
2890
1234567
2892
1234567
2894
1234567
2896
1234567
2898
1234567
2900
1234567
2902
1234567
2904
1234567
2906
1234567
2908
1234567
2910
1234567
2912
1234567
2914
1234567
2916
1234567
2918
1234567
2920
1234567
2922
1234567
2924
1234567
2926
1234567
2928
1234567
2930
1234567
2932
1234567
2934
1234567
2936
1234567
2938
1234567
2940
1234567
2942
1234567
2944
1234567
2946
1234567
2948
1234567
2950
1234567
2952
1234567
2954
1234567
2956
1234567
2958
1234567
2960
1234567
2962
1234567
2964
1234567
2966
1234567
2968
1234567
2970
1234567
2972
1234567
2974
1234567
2976
1234567
2978
1234567
2980
1234567
2982
1234567
2984
1234567
2986
1234567
2988
1234567
2990
1234567
2992
1234567
2994
1234567
2996
1234567
2998
1234567
3000
1234567
3002
1234567
3004
1234567
3006
1234567
3008
1234567
3010
1234567
3012
1234567
3014
1234567
3016
1234567
3018
1234567
3020
1234567
3022
1234567
3024
1234567
3026
1234567
3028
1234567
3030
1234567
3032
1234567
3034
1234567
3036
1234567
3038
1234567
3040
1234567
3042
1234567
3044
1234567
3046
1234567
3048
1234567
3050
1234567
3052
1234567
3054
1234567
3056
1234567
3058
1234567
3060
1234567
3062
1234567
3064
1234567
3066
1234567
3068
1234567
3070
1234567
3072
1234567
3074
1234567
3076
1234567
3078
1234567
3080
1234567
3082
1234567
3084
1234567
3086
1234567
3088
1234567
3090
1234567
3092
1234567
3094
1234567
3096
1234567
3098
1234567
3100
1234567
3102
1234567
3104
1234567
3106
1234567
3108
1234567
3110
1234567
3112
1234567
3114
1234567
3116
1234567
3118
1234567
3120
1234567
3122
1234567
3124
1234567
3126
1234567
3128
1234567
3130
1234567
3132
1234567
3134
1234567
3136
1234567
3138
1234567
3140
1234567
3142
1234567
3144
1234567
3146
1234567
3148
1234567
3150
1234567
3152
1234567
3154
1234567
3156
1234567
3158
1234567
3160
1234567
3162
1234567
3164
1234567
3166
1234567
3168
1234567
3170
1234567
3172
1234567
3174
1234567
3176
1234567
3178
1234567
3180
1234567
3182
1234567
3184
1234567
3186
1234567
3188
1234567
3190
1234567
3192
1234567
3194
1234567
3196
1234567
3198
1234567
3200
1234567
3202
1234567
3204
1234567
3206
1234567
3208
1234567
3210
1234567
3212
1234567
3214
1234567
3216
1234567
3218
1234567
3220
1234567
3222
1234567
3224
1234567
3226
1234567
3228
1234567
3230
1234567
3232
1234567
3234
1234567
3236
1234567
3238
1234567
3240
1234567
3242
1234567
3244
1234567
3246
1234567
3248
1234567
3250
1234567
3252
1234567
3254
1234567
3256
1234567
3258
1234567
3260
1234567
3262
1234567
3264
1234567
3266
1234567
3268
1234567
3270
1234567
3272
1234567
3274
1234567
3276
1234567
3278
1234567
3280
1234567
3282
1234567
3284
1234567
3286
1234567
3288
1234567
3290
1234567
3292
1234567
3294
1234567
3296
1234567
3298
1234567
3300
1234567
3302
1234567
3304
1234567
3306
1234567
3308
1234567
3310
1234567
3312
1234567
3314
1234567
3316
1234567
3318
1234567
3320
1234567
3322
1234567
3324
1234567
3326
1234567
3328
1234567
3330
1234567
3332
1234567
3334
1234567
3336
1234567
3338
1234567
3340
1234567
3342
1234567
3344
1234567
3346
1234567
3348
1234567
3350
1234567
3352
1234567
3354
1234567
3356
1234567
3358
1234567
3360
1234567
3362
1234567
3364
1234567
3366
1234567
3368
1234567
3370
1234567
3372
1234567
3374
1234567
3376
1234567
3378
1234567
3380
1234567
3382
1234567
3384
1234567
3386
1234567
3388
1234567
3390
1234567
3392
1234567
3394
1234567
3396
1234567
3398
1234567
3400
1234567
3402
1234567
3404
1234567
3406
1234567
3408
1234567
3410
1234567
3412
1234567
3414
1234567
3416
1234567
3418
1234567
3420
1234567
3422
1234567
3424
1234567
3426
1234567
3428
1234567
3430
1234567
3432
1234567
3434
1234567
3436
1234567
3438
1234567
3440
1234567
3442
1234567
3444
1234567
3446
1234567
3448
1234567
3450
1234567
3452
1234567
3454
1234567
3456
1234567
3458
1234567
3460
1234567
3462
1234567
3464
1234567
3466
1234567
3468
1234567
3470
1234567
3472
1234567
3474
1234567
3476
1234567
3478
1234567
3480
1234567
3482
1234567
3484
1234567
3486
1234567
3488
1234567
3490
1234567
3492
1234567
3494
1234567
3496
1234567
3498
1234567
3500
1234567
3502
1234567
3504
1234567
3506
1234567
3508
1234567
3510
1234567
3512
1234567
3514
1234567
3516
1234567
3518
1234567
3520
1234567
3522
1234567
3524
1234567
3526
1234567
3528
1234567
3530
1234567
3532
1234567
3534
1234567
3536
1234567
3538
1234567
3540
1234567
3542
1234567
3544
1234567
3546
1234567
3548
1234567
3550
1234567
3552
1234567
3554
1234567
3556
1234567
3558
1234567
3560
1234567
3562
1234567
3564
1234567
3566
1234567
3568
1234567
3570
1234567
3572
1234567
3574
1234567
3576
1234567
3578
1234567
3580
1234567
3582
1234567
3584
1234567
3586
1234567
3588
1234567
3590
1234567
3592
1234567
3594
1234567
3596
1234567
3598
1234567
3600
1234567
3602
1234567
3604
1234567
3606
1234567
3608
1234567
3610
1234567
3612
1234567
3614
1234567
3616
1234567
3618
1234567
3620
1234567
3622
1234567
3624
1234567
3626
1234567
3628
1234567
3630
1234567
3632
1234567
3634
1234567
3636
1234567
3638
1234567
3640
1234567
3642
1234567
3644
1234567
3646
1234567
3648
1234567
3650
1234567
3652
1234567
3654
1234567
3656
1234567
3658
1234567
3660
1234567
3662
1234567
3664
1234567
3666
1234567
3668
1234567
3670
1234567
3672
1234567
3674
1234567
3676
1234567
3678
1234567
3680
1234567
3682
1234567
3684
1234567
3686
1234567
3688
1234567
3690
1234567
3692
1234567
3694
1234567
3696
1234567
3698
1234567
3700
1234567
3702
1234567
3704
1234567
3706
1234567
3708
1234567
3710
1234567
3712
1234567
3714
1234567
3716
1234567
3718
1234567
3720
1234567
3722
1234567
3724
1234567
3726
1234567
3728
1234567
3730
1234567
3732
1234567
3734
1234567
3736
1234567
3738
1234567
3740
1234567
3742
1234567
3744
1234567
3746
1234567
3748
1234567
3750
1234567
3752
1234567
3754
1234567
3756
1234567
3758
1234567
3760
1234567
3762
1234567
3764
1234567
3766
1234567
3768
1234567
3770
1234567
3772
1234567
3774
1234567
3776
1234567
3778
1234567
3780
1234567
3782
1234567
3784
1234567
3786
1234567
3788
1234567
3790
1234567
3792
1234567
3794
1234567
3796
1234567
3798
1234567
3800
1234567
3802
1234567
3804
1234567
3806
1234567
3808
1234567
3810
1234567
3812
1234567
3814
1234567
3816
1234567
3818
1234567
3820
1234567
3822
1234567
3824
1234567
3826
1234567
3828
1234567
3830
1234567
3832
1234567
3834
1234567
3836
1234567
3838
1234567
3840
1234567
3842
1234567
3844
1234567
3846
1234567
3848
1234567
3850
1234567
3852
1234567
3854
1234567
3856
1234567
3858
1234567
3860
1234567
3862
1234567
3864
1234567
3866
1234567
3868
1234567
3870
1234567
3872
1234567
3874
1234567
3876
1234567
3878
1234567
3880
1234567
3882
1234567
3884
1234567
3886
1234567
3888
1234567
3890
1234567
3892
1234567
3894
1234567
3896
1234567
3898
1234567
3900
1234567
3902
1234567
3904
1234567
3906
1234567
3908
1234567
3910
1234567
3912
1234567
3914
1234567
3916
1234567
3918
1234567
3920
1234567
3922
1234567
3924
1234567
3926
1234567
3928
1234567
3930
1234567
3932
1234567
3934
1234567
3936
1234567
3938
1234567
3940
1234567
3942
1234567
3944
1234567
3946
1234567
3948
1234567
3950
1234567
3952
1234567
3954
1234567
3956
1234567
3958
1234567
3960
1234567
3962
1234567
3964
1234567
3966
1234567
3968
1234567
3970
1234567
3972
1234567
3974
1234567
3976
1234567
3978
1234567
3980
1234567
3982
1234567
3984
1234567
3986
1234567
3988
1234567
3990
1234567
3992
1234567
3994
1234567
3996
1234567
3998
1234567
4000
1234567
4002
1234567
4004
1234567
4006
1234567
4008
1234567
4010
1234567
4012
1234567
4014
1234567
4016
1234567
4018
1234567
4020
1234567
4022
1234567
4024
1234567
4026
1234567
4028
1234567
4030
1234567
4032
1234567
4034
1234567
4036
1234567
4038
1234567
4040
1234567
4042
1234567
4044
1234567
4046
1234567
4048
1234567
4050
1234567
4052
1234567
4054
1234567
4056
1234567
4058
1234567
4060
1234567
4062
1234567
4064
1234567
4066
1234567
4068
1234567
4070
1234567
4072
1234567
4074
1234567
4076
1234567
4078
1234567
4080
1234567
4082
1234567
4084
1234567
4086
1234567
4088
1234567
4090
1234567
4092
1234567
4094
1234567
4096
1234567
4098
1234567
4100
1234567
4102
1234567
4104
1234567
4106
1234567
4108
1234567
4110
1234567
4112
1234567
4114
1234567
4116
1234567
4118
1234567
4120
1234567
4122
1234567
4124
1234567
4126
1234567
4128
1234567
4130
1234567
4132
1234567
4134
1234567
4136
1234567
4138
1234567
4140
1234567
4142
1234567
4144
1234567
4146
1234567
4148
1234567
4150
1234567
4152
1234567
4154
1234567
4156
1234567
4158
1234567
4160
1234567
4162
1234567
4164
1234567
4166
1234567
4168
1234567
4170
1234567
4172
1234567
4174
1234567
4176
1234567
4178
1234567
4180
1234567
4182
1234567
4184
1234567
4186
1234567
4188
1234567
4190
1234567
4192
1234567
4194
1234567
4196
1234567
4198
1234567
4200
1234567
4202
1234567
4204
1234567
4206
1234567
4208
1234567
4210
1234567
4212
1234567
4214
1234567
4216
1234567
4218
1234567
4220
1234567
4222
1234567
4224
1234567
4226
1234567
4228
1234567
4230
1234567
4232
1234567
4234
1234567
4236
1234567
4238
1234567
4240
1234567
4242
1234567
4244
1234567
4246
1234567
4248
1234567
4250
1234567
4252
1234567
4254
1234567
4256
1234567
4258
1234567
4260
1234567
4262
1234567
4264
1234567
4266
1234567
4268
1234567
4270
1234567
4272
1234567
4274
1234567
4276
1234567
4278
1234567
4280
1234567
4282
1234567
4284
1234567
4286
1234567
4288
1234567
4290
1234567
4292
1234567
4294
1234567
4296
1234567
4298
1234567
4300
1234567
4302
1234567
4304
1234567
4306
1234567
4308
1234567
4310
1234567
4312
1234567
4314
1234567
4316
1234567
4318
1234567
4320
1234567
4322
1234567
4324
1234567
4326
1234567
4328
1234567
4330
1234567
4332
1234567
4334
1234567
4336
1234567
4338
1234567
4340
1234567
4342
1234567
4344
1234567
4346
1234567
4348
1234567
4350
1234567
4352
1234567
4354
1234567
4356
1234567
4358
1234567
4360
1234567
4362
1234567
4364
1234567
4366
1234567
4368
1234567
4370
1234567
4372
1234567
4374
1234567
4376
1234567
4378
1234567
4380
1234567
4382
1234567
4384
1234567
4386
1234567
4388
1234567
4390
1234567
4392
1234567
4394
1234567
4396
1234567
4398
1234567
4400
1234567
4402
1234567
4404
1234567
4406
1234567
4408
1234567
4410
1234567
4412
1234567
4414
1234567
4416
1234567
4418
1234567
4420
1234567
4422
1234567
4424
1234567
4426
1234567
4428
1234567
4430
1234567
4432
1234567
4434
1234567
4436
1234567
4438
1234567
4440
1234567
4442
1234567
4444
1234567
4446
1234567
4448
1234567
4450
1234567
4452
1234567
4454
1234567
4456
1234567
4458
1234567
4460
1234567
4462
1234567
4464
1234567
4466
1234567
4468
1234567
4470
1234567
4472
1234567
4474
1234567
4476
1234567
4478
1234567
4480
1234567
4482
1234567
4484
1234567
4486
1234567
4488
1234567
4490
1234567
4492
1234567
4494
1234567
4496
1234567
4498
1234567
4500
1234567
4502
1234567
4504
1234567
4506
1234567
4508
1234567
4510
1234567
4512
1234567
4514
1234567
4516
1234567
4518
1234567
4520
1234567
4522
1234567
4524
1234567
4526
1234567
4528
1234567
4530
1234567
4532
1234567
4534
1234567
4536
1234567
4538
1234567
4540
1234567
4542
1234567
4544
1234567
4546
1234567
4548
1234567
4550
1234567
4552
1234567
4554
1234567
4556
1234567
4558
1234567
4560
1234567
4562
1234567
4564
1234567
4566
1234567
4568
1234567
4570
1234567
4572
1234567
4574
1234567
4576
1234567
4578
1234567
4580
1234567
4582
1234567
4584
1234567
4586
1234567
4588
1234567
4590
1234567
4592
1234567
4594
1234567
4596
1234567
4598
1234567
4600
1234567
4602
1234567
4604
1234567
4606
1234567
4608
1234567
4610
1234567
4612
1234567
4614
1234567
4616
1234567
4618
1234567
4620
1234567
4622
1234567
4624
1234567
4626
1234567
4628
1234567
4630
1234567
4632
1234567
4634
1234567
4636
1234567
4638
1234567
4640
1234567
4642
1234567
4644
1234567
4646
1234567
4648
1234567
4650
1234567
4652
1234567
4654
1234567
4656
1234567
4658
1234567
4660
1234567
4662
1234567
4664
1234567
4666
1234567
4668
1234567
4670
1234567
4672
1234567
4674
1234567
4676
1234567
4678
1234567
4680
1234567
4682
1234567
4684
1234567
4686
1234567
4688
1234567
4690
1234567
4692
1234567
4694
1234567
4696
1234567
4698
1234567
4700
1234567
4702
1234567
4704
1234567
4706
1234567
4708
1234567
4710
1234567
4712
1234567
4714
1234567
4716
1234567
4718
1234567
4720
1234567
4722
1234567
4724
1234567
4726
1234567
4728
1234567
4730
1234567
4732
1234567
4734
1234567
4736
1234567
4738
1234567
4740
1234567
4742
1234567
4744
1234567
4746
1234567
4748
1234567
4750
1234567
4752
1234567
4754
1234567
4756
1234567
4758
1234567
4760
1234567
4762
1234567
4764
1234567
4766
1234567
4768
1234567
4770
1234567
4772
1234567
4774
1234567
4776
1234567
4778
1234567
4780
1234567
4782
1234567
4784
1234567
4786
1234567
4788
1234567
4790
1234567
4792
1234567
4794
1234567
4796
1234567
4798
1234567
4800
1234567
4802
1234567
4804
1234567
4806
1234567
4808
1234567
4810
1234567
4812
1234567
4814
1234567
4816
1234567
4818
1234567
4820
1234567
4822
1234567
4824
1234567
4826
1234567
4828
1234567
4830
1234567
4832
1234567
4834
1234567
4836
1234567
4838
1234567
4840
1234567
4842
1234567
4844
1234567
4846
1234567
4848
1234567
4850
1234567
4852
1234567
4854
1234567
4856
1234567
4858
1234567
4860
1234567
4862
1234567
4864
1234567
4866
1234567
4868
1234567
4870
1234567
4872
1234567
4874
1234567
4876
1234567
4878
1234567
4880
1234567
4882
1234567
4884
1234567
4886
1234567
4888
1234567
4890
1234567
4892
1234567
4894
1234567
4896
1234567
4898
1234567
4900
1234567
4902
1234567
4904
1234567
4906
1234567
4908
1234567
4910
1234567
4912
1234567
4914
1234567
4916
1234567
4918
1234567
4920
1234567
4922
1234567
4924
1234567
4926
1234567
4928
1234567
4930
1234567
4932
1234567
4934
1234567
4936
1234567
4938
1234567
4940
1234567
4942
1234567
4944
1234567
4946
1234567
4948
1234567
4950
1234567
4952
1234567
4954
1234567
4956
1234567
4958
1234567
4960
1234567
4962
1234567
4964
1234567
4966
1234567
4968
1234567
4970
1234567
4972
1234567
4974
1234567
4976
1234567
4978
1234567
4980
1234567
4982
1234567
4984
1234567
4986
1234567
4988
1234567
4990
1234567
4992
1234567
4994
1234567
4996
1234567
4998
1234567
5000
1234567
5002
1234567
5004
1234567
5006
1234567
5008
1234567
5010
1234567
5012
1234567
5014
1234567
5016
1234567
5018
1234567
5020
1234567
5022
1234567
5024
1234567
5026
1234567
5028
1234567
5030
1234567
5032
1234567
5034
1234567
5036
1234567
5038
1234567
5040
1234567
5042
1234567
5044
1234567
5046
1234567
5048
1234567
5050
1234567
5052
1234567
5054
1234567
5056
1234567
5058
1234567
5060
1234567
5062
1234567
5064
1234567
5066
1234567
5068
1234567
5070
1234567
5072
1234567
5074
1234567
5076
1234567
5078
1234567
5080
1234567
5082
1234567
5084
1234567
5086
1234567
5088
1234567
5090
1234567
5092
1234567
5094
1234567
5096
1234567
5098
1234567
5100
1234567
5102
1234567
5104
1234567
5106
1234567
5108
1234567
5110
1234567
5112
1234567
5114
1234567
5116
1234567
5118
1234567
5120
1234567
5122
1234567
5124
1234567
5126
1234567
5128
1234567
5130
1234567
5132
1234567
5134
1234567
5136
1234567
5138
1234567
5140
1234567
5142
1234567
5144
1234567
5146
1234567
5148
1234567
5150
1234567
5152
1234567
5154
1234567
5156
1234567
5158
1234567
5160
1234567
5162
1234567
5164
1234567
5166
1234567
5168
1234567
5170
1234567
5172
1234567
5174
1234567
5176
1234567
5178
1234567
5180
1234567
5182
1234567
5184
1234567
5186
1234567
5188
1234567
5190
1234567
5192
1234567
5194
1234567
5196
1234567
5198
1234567
5200
1234567
5202
1234567
5204
1234567
5206
1234567
5208
1234567
5210
1234567
5212
1234567
5214
1234567
5216
1234567
5218
1234567
5220
1234567
5222
1234567
5224
1234567
5226
1234567
5228
1234567
5230
1234567
5232
1234567
5234
1234567
5236
1234567
5238
1234567
5240
1234567
5242
1234567
5244
1234567
5246
1234567
5248
1234567
5250
1234567
5252
1234567
5254
1234567
5256
1234567
5258
1234567
5260
1234567
5262
1234567
5264
1234567
5266
1234567
5268
1234567
5270
1234567
5272
1234567
5274
1234567
5276
1234567
5278
1234567
5280
1234567
5282
1234567
5284
1234567
5286
1234567
5288
1234567
5290
1234567
5292
1234567
5294
1234567
5296
1234567
5298
1234567
5300
1234567
5302
1234567
5304
1234567
5306
1234567
5308
1234567
5310
1234567
5312
1234567
5314
1234567
5316
1234567
5318
1234567
5320
1234567
5322
1234567
5324
1234567
5326
1234567
5328
1234567
5330
1234567
5332
1234567
5334
1234567
5336
1234567
5338
1234567
5340
1234567
5342
1234567
5344
1234567
5346
1234567
5348
1234567
5350
1234567
5352
1234567
5354
1234567
5356
1234567
5358
1234567
5360
1234567
5362
1234567
5364
1234567
5366
1234567
5368
1234567
5370
1234567
5372
1234567
5374
1234567
5376
1234567
5378
1234567
5380
1234567
5382
1234567
5384
1234567
5386
1234567
5388
1234567
5390
1234567
5392
1234567
5394
1234567
5396
1234567
5398
1234567
5400
1234567
5402
1234567
5404
1234567
5406
1234567
5408
1234567
5410
1234567
5412
1234567
5414
1234567
5416
1234567
5418
1234567
5420
1234567
5422
1234567
5424
1234567
5426
1234567
5428
1234567
5430
1234567
5432
1234567
5434
1234567
5436
1234567
5438
1234567
5440
1234567
5442
1234567
5444
1234567
5446
1234567
5448
1234567
5450
1234567
5452
1234567
5454
1234567
5456
1234567
5458
1234567
5460
1234567
5462
1234567
5464
1234567
5466
1234567
5468
1234567
5470
1234567
5472
1234567
5474
1234567
5476
1234567
5478
1234567
5480
1234567
5482
1234567
5484
1234567
5486
1234567
5488
1234567
5490
1234567
5492
1234567
5494
1234567
5496
1234567
5498
1234567
5500
1234567
5502
1234567
5504
1234567
5506
1234567
5508
1234567
5510
1234567
5512
1234567
5514
1234567
5516
1234567
5518
1234567
5520
1234567
5522
1234567
5524
1234567
5526
1234567
5528
1234567
5530
1234567
5532
1234567
5534
1234567
5536
1234567
5538
1234567
5540
1234567
5542
1234567
5544
1234567
5546
1234567
5548
1234567
5550
1234567
5552
1234567
5554
1234567
5556
1234567
5558
1234567
5560
1234567
5562
1234567
5564
1234567
5566
1234567
5568
1234567
5570
1234567
5572
1234567
5574
1234567
5576
1234567
5578
1234567
5580
1234567
5582
1234567
5584
1234567
5586
1234567
5588
1234567
5590
1234567
5592
1234567
5594
1234567
5596
1234567
5598
1234567
5600
1234567
5602
1234567
5604
1234567
5606
1234567
5608
1234567
5610
1234567
5612
1234567
5614
1234567
5616
1234567
5618
1234567
5620
1234567
5622
1234567
5624
1234567
5626
1234567
5628
1234567
5630
1234567
5632
1234567
5634
1234567
5636
1234567
5638
1234567
5640
1234567
5642
1234567
5644
1234567
5646
1234567
5648
1234567
5650
1234567
5652
1234567
5654
1234567
5656
1234567
5658
1234567
5660
1234567
5662
1234567
5664
1234567
5666
1234567
5668
1234567
5670
1234567
5672
1234567
5674
1234567
5676
1234567
5678
1234567
5680
1234567
5682
1234567
5684
1234567
5686
1234567
5688
1234567
5690
1234567
5692
1234567
5694
1234567
5696
1234567
5698
1234567
5700
1234567
5702
1234567
5704
1234567
5706
1234567
5708
1234567
5710
1234567
5712
1234567
5714
1234567
5716
1234567
5718
1234567
5720
1234567
5722
1234567
5724
1234567
5726
1234567
5728
1234567
5730
1234567
5732
1234567
5734
1234567
5736
1234567
5738
1234567
5740
1234567
5742
1234567
5744
1234567
5746
1234567
5748
1234567
5750
1234567
5752
1234567
5754
1234567
5756
1234567
5758
1234567
5760
1234567
5762
1234567
5764
1234567
5766
1234567
5768
1234567
5770
1234567
5772
1234567
5774
1234567
5776
1234567
5778
1234567
5780
1234567
5782
1234567
5784
1234567
5786
1234567
5788
1234567
5790
1234567
5792
1234567
5794
1234567
5796
1234567
5798
1234567
5800
1234567
5802
1234567
5804
1234567
5806
1234567
5808
1234567
5810
1234567
5812
1234567
5814
1234567
5816
1234567
5818
1234567
5820
1234567
5822
1234567
5824
1234567
5826
1234567
5828
1234567
5830
1234567
5832
1234567
5834
1234567
5836
1234567
5838
1234567
5840
1234567
5842
1234567
5844
1234567
5846
1234567
5848
1234567
5850
1234567
5852
1234567
5854
1234567
5856
1234567
5858
1234567
5860
1234567
5862
1234567
5864
1234567
5866
1234567
5868
1234567
5870
1234567
5872
1234567
5874
1234567
5876
1234567
5878
1234567
5880
1234567
5882
1234567
5884
1234567
5886
1234567
5888
1234567
5890
1234567
5892
1234567
5894
1234567
5896
1234567
5898
1234567
5900
1234567
5902
1234567
5904
1234567
5906
1234567
5908
1234567
5910
1234567
5912
1234567
5914
1234567
5916
1234567
5918
1234567
5920
1234567
5922
1234567
5924
1234567
5926
1234567
5928
1234567
5930
1234567
5932
1234567
5934
1234567
5936
1234567
5938
1234567
5940
1234567
5942
1234567
5944
1234567
5946
1234567
5948
1234567
5950
1234567
5952
1234567
5954
1234567
5956
1234567
5958
1234567
5960
1234567
5962
1234567
5964
1234567
5966
1234567
5968
1234567
5970
1234567
5972
1234567
5974
1234567
5976
1234567
5978
1234567
5980
1234567
5982
1234567
5984
1234567
5986
1234567
5988
1234567
5990
1234567
5992
1234567
5994
1234567
5996
1234567
5998
1234567
6000
1234567
6002
1234567
6004
1234567
6006
1234567
6008
1234567
6010
1234567
6012
1234567
6014
1234567
6016
1234567
6018
1234567
6020
1234567
6022
1234567
6024
1234567
6026
1234567
6028
1234567
6030
1234567
6032
1234567
6034
1234567
6036
1234567
6038
1234567
6040
1234567
6042
1234567
6044
1234567
6046
1234567
6048
1234567
6050
1234567
6052
1234567
6054
1234567
6056
1234567
6058
1234567
6060
1234567
6062
1234567
6064
1234567
6066
1234567
6068
1234567
6070
1234567
6072
1234567
6074
1234567
6076
1234567
6078
1234567
6080
1234567
6082
1234567
6084
1234567
6086
1234567
6088
1234567
6090
1234567
6092
1234567
6094
1234567
6096
1234567
6098
1234567
6100
1234567
6102
1234567
6104
1234567
6106
1234567
6108
1234567
6110
1234567
6112
1234567
6114
1234567
6116
1234567
6118
1234567
6120
1234567
6122
1234567
6124
1234567
6126
1234567
6128
1234567
6130
1234567
6132
1234567
6134
1234567
6136
1234567
6138
1234567
6140
1234567
6142
1234567
6144
1234567
6146
1234567
6148
1234567
6150
1234567
6152
1234567
6154
1234567
6156
1234567
6158
1234567
6160
1234567
6162
1234567
6164
1234567
6166
1234567
6168
1234567
6170
1234567
6172
1234567
6174
1234567
6176
1234567
6178
1234567
6180
1234567
6182
1234567
6184
1234567
6186
1234567
6188
1234567
6190
1234567
6192
1234567
6194
1234567
6196
1234567
6198
1234567
6200
1234567
6202
1234567
6204
1234567
6206
1234567
6208
1234567
6210
1234567
6212
1234567
6214
1234567
6216
1234567
6218
1234567
6220
1234567
6222
1234567
6224
1234567
6226
1234567
6228
1234567
6230
1234567
6232
1234567
6234
1234567
6236
1234567
6238
1234567
6240
1234567
6242
1234567
6244
1234567
6246
1234567
6248
1234567
6250
1234567
6252
1234567
6254
1234567
6256
1234567
6258
1234567
6260
1234567
6262
1234567
6264
1234567
6266
1234567
6268
1234567
6270
1234567
6272
1234567
6274
1234567
6276
1234567
6278
1234567
6280
1234567
6282
1234567
6284
1234567
6286
1234567
6288
1234567
6290
1234567
6292
1234567
6294
1234567
6296
1234567
6298
1234567
6300
1234567
6302
1234567
6304
1234567
6306
1234567
6308
1234567
6310
1234567
6312
1234567
6314
1234567
6316
1234567
6318
1234567
6320
1234567
6322
1234567
6324
1234567
6326
1234567
6328
1234567
6330
1234567
6332
1234567
6334
1234567
6336
1234567
6338
1234567
6340
1234567
6342
1234567
6344
1234567
6346
1234567
6348
1234567
6350
1234567
6352
1234567
6354
1234567
6356
1234567
6358
1234567
6360
1234567
6362
1234567
6364
1234567
6366
1234567
6368
1234567
6370
1234567
6372
1234567
6374
1234567
6376
1234567
6378
1234567
6380
1234567
6382
1234567
6384
1234567
6386
1234567
6388
1234567
6390
1234567
6392
1234567
6394
1234567
6396
1234567
6398
1234567
6400
1234567
6402
1234567
6404
1234567
6406
1234567
6408
1234567
6410
1234567
6412
1234567
6414
1234567
6416
1234567
6418
1234567
6420
1234567
6422
1234567
6424
1234567
6426
1234567
6428
1234567
6430
1234567
6432
1234567
6434
1234567
6436
1234567
6438
1234567
6440
1234567
6442
1234567
6444
1234567
6446
1234567
6448
1234567
6450
1234567
6452
1234567
6454
1234567
6456
1234567
6458
1234567
6460
1234567
6462
1234567
6464
1234567
6466
1234567
6468
1234567
6470
1234567
6472
1234567
6474
1234567
6476
1234567
6478
1234567
6480
1234567
6482
1234567
6484
1234567
6486
1234567
6488
1234567
6490
1234567
6492
1234567
6494
1234567
6496
1234567
6498
1234567
6500
1234567
6502
1234567
6504
1234567
6506
1234567
6508
1234567
6510
1234567
6512
1234567
6514
1234567
6516
1234567
6518
1234567
6520
1234567
6522
1234567
6524
1234567
6526
1234567
6528
1234567
6530
1234567
6532
1234567
6534
1234567
6536
1234567
6538
1234567
6540
1234567
6542
1234567
6544
1234567
6546
1234567
6548
1234567
6550
1234567
6552
1234567
6554
1234567
6556
1234567
6558
1234567
6560
1234567
6562
1234567
6564
1234567
6566
1234567
6568
1234567
6570
1234567
6572
1234567
6574
1234567
6576
1234567
6578
1234567
6580
1234567
6582
1234567
6584
1234567
6586
1234567
6588
1234567
6590
1234567
6592
1234567
6594
1234567
6596
1234567
6598
1234567
6600
1234567
6602
1234567
6604
1234567
6606
1234567
6608
1234567
6610
1234567
6612
1234567
6614
1234567
6616
1234567
6618
1234567
6620
1234567
6622
1234567
6624
1234567
6626
1234567
6628
1234567
6630
1234567
6632
1234567
6634
1234567
6636
1234567
6638
1234567
6640
1234567
6642
1234567
6644
1234567
6646
1234567
6648
1234567
6650
1234567
6652
1234567
6654
1234567
6656
1234567
6658
1234567
6660
1234567
6662
1234567
6664
1234567
6666
1234567
6668
1234567
6670
1234567
6672
1234567
6674
1234567
6676
1234567
6678
1234567
6680
1234567
6682
1234567
6684
1234567
6686
1234567
6688
1234567
6690
1234567
6692
1234567
6694
1234567
6696
1234567
6698
1234567
6700
1234567
6702
1234567
6704
1234567
6706
1234567
6708
1234567
6710
1234567
6712
1234567
6714
1234567
6716
1234567
6718
1234567
6720
1234567
6722
1234567
6724
1234567
6726
1234567
6728
1234567
6730
1234567
6732
1234567
6734
1234567
6736
1234567
6738
1234567
6740
1234567
6742
1234567
6744
1234567
6746
1234567
6748
1234567
6750
1234567
6752
1234567
6754
1234567
6756
1234567
6758
1234567
6760
1234567
6762
1234567
6764
1234567
6766
1234567
6768
1234567
6770
1234567
6772
1234567
6774
1234567
6776
1234567
6778
1234567
6780
1234567
6782
1234567
6784
1234567
6786
1234567
6788
1234567
6790
1234567
6792
1234567
6794
1234567
6796
1234567
6798
1234567
6800
1234567
6802
1234567
6804
1234567
6806
1234567
6808
1234567
6810
1234567
6812
1234567
6814
1234567
6816
1234567
6818
1234567
6820
1234567
6822
1234567
6824
1234567
6826
1234567
6828
1234567
6830
1234567
6832
1234567
6834
1234567
6836
1234567
6838
1234567
6840
1234567
6842
1234567
6844
1234567
6846
1234567
6848
1234567
6850
1234567
6852
1234567
6854
1234567
6856
1234567
6858
1234567
6860
1234567
6862
1234567
6864
1234567
6866
1234567
6868
1234567
6870
1234567
6872
1234567
6874
1234567
6876
1234567
6878
1234567
6880
1234567
6882
1234567
6884
1234567
6886
1234567
6888
1234567
6890
1234567
6892
1234567
6894
1234567
6896
1234567
6898
1234567
6900
1234567
6902
1234567
6904
1234567
6906
1234567
6908
1234567
6910
1234567
6912
1234567
6914
1234567
6916
1234567
6918
1234567
6920
1234567
6922
1234567
6924
1234567
6926
1234567
6928
1234567
6930
1234567
6932
1234567
6934
1234567
6936
1234567
6938
1234567
6940
1234567
6942
1234567
6944
1234567
6946
1234567
6948
1234567
6950
1234567
6952
1234567
6954
1234567
6956
1234567
6958
1234567
6960
1234567
6962
1234567
6964
1234567
6966
1234567
6968
1234567
6970
1234567
6972
1234567
6974
1234567
6976
1234567
6978
1234567
6980
1234567
6982
1234567
6984
1234567
6986
1234567
6988
1234567
6990
1234567
6992
1234567
6994
1234567
6996
1234567
6998
1234567
7000
1234567
7002
1234567
7004
1234567
7006
1234567
7008
1234567
7010
1234567
7012
1234567
7014
1234567
7016
1234567
7018
1234567
7020
1234567
7022
1234567
7024
1234567
7026
1234567
7028
1234567
7030
1234567
7032
1234567
7034
1234567
7036
1234567
7038
1234567
7040
1234567
7042
1234567
7044
1234567
7046
1234567
7048
1234567
7050
1234567
7052
1234567
7054
1234567
7056
1234567
7058
1234567
7060
1234567
7062
1234567
7064
1234567
7066
1234567
7068
1234567
7070
1234567
7072
1234567
7074
1234567
7076
1234567
7078
1234567
7080
1234567
7082
1234567
7084
1234567
7086
1234567
7088
1234567
7090
1234567
7092
1234567
7094
1234567
7096
1234567
7098
1234567
7100
1234567
7102
1234567
7104
1234567
7106
1234567
7108
1234567
7110
1234567
7112
1234567
7114
1234567
7116
1234567
7118
1234567
7120
1234567
7122
1234567
7124
1234567
7126
1234567
7128
1234567
7130
1234567
7132
1234567
7134
1234567
7136
1234567
7138
1234567
7140
1234567
7142
1234567
7144
1234567
7146
1234567
7148
1234567
7150
1234567
7152
1234567
7154
1234567
7156
1234567
7158
1234567
7160
1234567
7162
1234567
7164
1234567
7166
1234567
7168
1234567
7170
1234567
7172
1234567
7174
1234567
7176
1234567
7178
1234567
7180
1234567
7182
1234567
7184
1234567
7186
1234567
7188
1234567
7190
1234567
7192
1234567
7194
1234567
7196
1234567
7198
1234567
7200
1234567
7202
1234567
7204
1234567
7206
1234567
7208
1234567
7210
1234567
7212
1234567
7214
1234567
7216
1234567
7218
1234567
7220
1234567
7222
1234567
7224
1234567
7226
1234567
7228
1234567
7230
1234567
7232
1234567
7234
1234567
7236
1234567
7238
1234567
7240
1234567
7242
1234567
7244
1234567
7246
1234567
7248
1234567
7250
1234567
7252
1234567
7254
1234567
7256
1234567
7258
1234567
7260
1234567
7262
1234567
7264
1234567
7266
1234567
7268
1234567
7270
1234567
7272
1234567
7274
1234567
7276
1234567
7278
1234567
7280
1234567
7282
1234567
7284
1234567
7286
1234567
7288
1234567
7290
1234567
7292
1234567
7294
1234567
7296
1234567
7298
1234567
7300
1234567
7302
1234567
7304
1234567
7306
1234567
7308
1234567
7310
1234567
7312
1234567
7314
1234567
7316
1234567
7318
1234567
7320
1234567
7322
1234567
7324
1234567
7326
1234567
7328
1234567
7330
1234567
7332
1234567
7334
1234567
7336
1234567
7338
1234567
7340
1234567
7342
1234567
7344
1234567
7346
1234567
7348
1234567
7350
1234567
7352
1234567
7354
1234567
7356
1234567
7358
1234567
7360
1234567
7362
1234567
7364
1234567
7366
1234567
7368
1234567
7370
1234567
7372
1234567
7374
1234567
7376
1234567
7378
1234567
7380
1234567
7382
1234567
7384
1234567
7386
1234567
7388
1234567
7390
1234567
7392
1234567
7394
1234567
7396
1234567
7398
1234567
7400
1234567
7402
1234567
7404
1234567
7406
1234567
7408
1234567
7410
1234567
7412
1234567
7414
1234567
7416
1234567
7418
1234567
7420
1234567
7422
1234567
7424
1234567
7426
1234567
7428
1234567
7430
1234567
7432
1234567
7434
1234567
7436
1234567
7438
1234567
7440
1234567
7442
1234567
7444
1234567
7446
1234567
7448
1234567
7450
1234567
7452
1234567
7454
1234567
7456
1234567
7458
1234567
7460
1234567
7462
1234567
7464
1234567
7466
1234567
7468
1234567
7470
1234567
7472
1234567
7474
1234567
7476
1234567
7478
1234567
7480
1234567
7482
1234567
7484
1234567
7486
1234567
7488
1234567
7490
1234567
7492
1234567
7494
1234567
7496
1234567
7498
1234567
7500
1234567
7502
1234567
7504
1234567
7506
1234567
7508
1234567
7510
1234567
7512
1234567
7514
1234567
7516
1234567
7518
1234567
7520
1234567
7522
1234567
7524
1234567
7526
1234567
7528
1234567
7530
1234567
7532
1234567
7534
1234567
7536
1234567
7538
1234567
7540
1234567
7542
1234567
7544
1234567
7546
1234567
7548
1234567
7550
1234567
7552
1234567
7554
1234567
7556
1234567
7558
1234567
7560
1234567
7562
1234567
7564
1234567
7566
1234567
7568
1234567
7570
1234567
7572
1234567
7574
1234567
7576
1234567
7578
1234567
7580
1234567
7582
1234567
7584
1234567
7586
1234567
7588
1234567
7590
1234567
7592
1234567
7594
1234567
7596
1234567
7598
1234567
7600
1234567
7602
1234567
7604
1234567
7606
1234567
7608
1234567
7610
1234567
7612
1234567
7614
1234567
7616
1234567
7618
1234567
7620
1234567
7622
1234567
7624
1234567
7626
1234567
7628
1234567
7630
1234567
7632
1234567
7634
1234567
7636
1234567
7638
1234567
7640
1234567
7642
1234567
7644
1234567
7646
1234567
7648
1234567
7650
1234567
7652
1234567
7654
1234567
7656
1234567
7658
1234567
7660
1234567
7662
1234567
7664
1234567
7666
1234567
7668
1234567
7670
1234567
7672
1234567
7674
1234567
7676
1234567
7678
1234567
7680
1234567
7682
1234567
7684
1234567
7686
1234567
7688
1234567
7690
1234567
7692
1234567
7694
1234567
7696
1234567
7698
1234567
7700
1234567
7702
1234567
7704
1234567
7706
1234567
7708
1234567
7710
1234567
7712
1234567
7714
1234567
7716
1234567
7718
1234567
7720
1234567
7722
1234567
7724
1234567
7726
1234567
7728
1234567
7730
1234567
7732
1234567
7734
1234567
7736
1234567
7738
1234567
7740
1234567
7742
1234567
7744
1234567
7746
1234567
7748
1234567
7750
1234567
7752
1234567
7754
1234567
7756
1234567
7758
1234567
7760
1234567
7762
1234567
7764
1234567
7766
1234567
7768
1234567
7770
1234567
7772
1234567
7774
1234567
7776
1234567
7778
1234567
7780
1234567
7782
1234567
7784
1234567
7786
1234567
7788
1234567
7790
1234567
7792
1234567
7794
1234567
7796
1234567
7798
1234567
7800
1234567
7802
1234567
7804
1234567
7806
1234567
7808
1234567
7810
1234567
7812
1234567
7814
1234567
7816
1234567
7818
1234567
7820
1234567
7822
1234567
7824
1234567
7826
1234567
7828
1234567
7830
1234567
7832
1234567
7834
1234567
7836
1234567
7838
1234567
7840
1234567
7842
1234567
7844
1234567
7846
1234567
7848
1234567
7850
1234567
7852
1234567
7854
1234567
7856
1234567
7858
1234567
7860
1234567
7862
1234567
7864
1234567
7866
1234567
7868
1234567
7870
1234567
7872
1234567
7874
1234567
7876
1234567
7878
1234567
7880
1234567
7882
1234567
7884
1234567
7886
1234567
7888
1234567
7890
1234567
7892
1234567
7894
1234567
7896
1234567
7898
1234567
7900
1234567
7902
1234567
7904
1234567
7906
1234567
7908
1234567
7910
1234567
7912
1234567
7914
1234567
7916
1234567
7918
1234567
7920
1234567
7922
1234567
7924
1234567
7926
1234567
7928
1234567
7930
1234567
7932
1234567
7934
1234567
7936
1234567
7938
1234567
7940
1234567
7942
1234567
7944
1234567
7946
1234567
7948
1234567
7950
1234567
7952
1234567
7954
1234567
7956
1234567
7958
1234567
7960
1234567
7962
1234567
7964
1234567
7966
1234567
7968
1234567
7970
1234567
7972
1234567
7974
1234567
7976
1234567
7978
1234567
7980
1234567
7982
1234567
7984
1234567
7986
1234567
7988
1234567
7990
1234567
7992
1234567
7994
1234567
7996
1234567
7998
1234567
8000
1234567
8002
1234567
8004
1234567
8006
1234567
8008
1234567
8010
1234567
8012
1234567
8014
1234567
8016
1234567
8018
1234567
8020
1234567
8022
1234567
8024
1234567
8026
1234567
8028
1234567
8030
1234567
8032
1234567
8034
1234567
8036
1234567
8038
1234567
8040
1234567
8042
1234567
8044
1234567
8046
1234567
8048
1234567
8050
1234567
8052
1234567
8054
1234567
8056
1234567
8058
1234567
8060
1234567
8062
1234567
8064
1234567
8066
1234567
8068
1234567
8070
1234567
8072
1234567
8074
1234567
8076
1234567
8078
1234567
8080
1234567
8082
1234567
8084
1234567
8086
1234567
8088
1234567
8090
1234567
8092
1234567
8094
1234567
8096
1234567
8098
1234567
8100
1234567
8102
1234567
8104
1234567
8106
1234567
8108
1234567
8110
1234567
8112
1234567
8114
1234567
8116
1234567
8118
1234567
8120
1234567
8122
1234567
8124
1234567
8126
1234567
8128
1234567
8130
1234567
8132
1234567
8134
1234567
8136
1234567
8138
1234567
8140
1234567
8142
1234567
8144
1234567
8146
1234567
8148
1234567
8150
1234567
8152
1234567
8154
1234567
8156
1234567
8158
1234567
8160
1234567
8162
1234567
8164
1234567
8166
1234567
8168
1234567
8170
1234567
8172
1234567
8174
1234567
8176
1234567
8178
1234567
8180
1234567
8182
1234567
8184
1234567
8186
1234567
8188
1234567
8190
1234567
8192
1234567
8194
1234567
8196
1234567
8198
1234567
8200
1234567
8202
1234567
8204
1234567
8206
1234567
8208
1234567
8210
1234567
8212
1234567
8214
1234567
8216
1234567
8218
1234567
8220
1234567
8222
1234567
8224
1234567
8226
1234567
8228
1234567
8230
1234567
8232
1234567
8234
1234567
8236
1234567
8238
1234567
8240
1234567
8242
1234567
8244
1234567
8246
1234567
8248
1234567
8250
1234567
8252
1234567
8254
1234567
8256
1234567
8258
1234567
8260
1234567
8262
1234567
8264
1234567
8266
1234567
8268
1234567
8270
1234567
8272
1234567
8274
1234567
8276
1234567
8278
1234567
8280
1234567
8282
1234567
8284
1234567
8286
1234567
8288
1234567
8290
1234567
8292
1234567
8294
1234567
8296
1234567
8298
1234567
8300
1234567
8302
1234567
8304
1234567
8306
1234567
8308
1234567
8310
1234567
8312
1234567
8314
1234567
8316
1234567
8318
1234567
8320
1234567
8322
1234567
8324
1234567
8326
1234567
8328
1234567
8330
1234567
8332
1234567
8334
1234567
8336
1234567
8338
1234567
8340
1234567
8342
1234567
8344
1234567
8346
1234567
8348
1234567
8350
1234567
8352
1234567
8354
1234567
8356
1234567
8358
1234567
8360
1234567
8362
1234567
8364
1234567
8366
1234567
8368
1234567
8370
1234567
8372
1234567
8374
1234567
8376
1234567
8378
1234567
8380
1234567
8382
1234567
8384
1234567
8386
1234567
8388
1234567
8390
1234567
8392
1234567
8394
1234567
8396
1234567
8398
1234567
8400
1234567
8402
1234567
8404
1234567
8406
1234567
8408
1234567
8410
1234567
8412
1234567
8414
1234567
8416
1234567
8418
1234567
8420
1234567
8422
1234567
8424
1234567
8426
1234567
8428
1234567
8430
1234567
8432
1234567
8434
1234567
8436
1234567
8438
1234567
8440
1234567
8442
1234567
8444
1234567
8446
1234567
8448
1234567
8450
1234567
8452
1234567
8454
1234567
8456
1234567
8458
1234567
8460
1234567
8462
1234567
8464
1234567
8466
1234567
8468
1234567
8470
1234567
8472
1234567
8474
1234567
8476
1234567
8478
1234567
8480
1234567
8482
1234567
8484
1234567
8486
1234567
8488
1234567
8490
1234567
8492
1234567
8494
1234567
8496
1234567
8498
1234567
8500
1234567
8502
1234567
8504
1234567
8506
1234567
8508
1234567
8510
1234567
8512
1234567
8514
1234567
8516
1234567
8518
1234567
8520
1234567
8522
1234567
8524
1234567
8526
1234567
8528
1234567
8530
1234567
8532
1234567
8534
1234567
8536
1234567
8538
1234567
8540
1234567
8542
1234567
8544
1234567
8546
1234567
8548
1234567
8550
1234567
8552
1234567
8554
1234567
8556
1234567
8558
1234567
8560
1234567
8562
1234567
8564
1234567
8566
1234567
8568
1234567
8570
1234567
8572
1234567
8574
1234567
8576
1234567
8578
1234567
8580
1234567
8582
1234567
8584
1234567
8586
1234567
8588
1234567
8590
1234567
8592
1234567
8594
1234567
8596
1234567
8598
1234567
8600
1234567
8602
1234567
8604
1234567
8606
1234567
8608
1234567
8610
1234567
8612
1234567
8614
1234567
8616
1234567
8618
1234567
8620
1234567
8622
1234567
8624
1234567
8626
1234567
8628
1234567
8630
1234567
8632
1234567
8634
1234567
8636
1234567
8638
1234567
8640
1234567
8642
1234567
8644
1234567
8646
1234567
8648
1234567
8650
1234567
8652
1234567
8654
1234567
8656
1234567
8658
1234567
8660
1234567
8662
1234567
8664
1234567
8666
1234567
8668
1234567
8670
1234567
8672
1234567
8674
1234567
8676
1234567
8678
1234567
8680
1234567
8682
1234567
8684
1234567
8686
1234567
8688
1234567
8690
1234567
8692
1234567
8694
1234567
8696
1234567
8698
1234567
8700
1234567
8702
1234567
8704
1234567
8706
1234567
8708
1234567
8710
1234567
8712
1234567
8714
1234567
8716
1234567
8718
1234567
8720
1234567
8722
1234567
8724
1234567
8726
1234567
8728
1234567
8730
1234567
8732
1234567
8734
1234567
8736
1234567
8738
1234567
8740
1234567
8742
1234567
8744
1234567
8746
1234567
8748
1234567
8750
1234567
8752
1234567
8754
1234567
8756
1234567
8758
1234567
8760
1234567
8762
1234567
8764
1234567
8766
1234567
8768
1234567
8770
1234567
8772
1234567
8774
1234567
8776
1234567
8778
1234567
8780
1234567
8782
1234567
8784
1234567
8786
1234567
8788
1234567
8790
1234567
8792
1234567
8794
1234567
8796
1234567
8798
1234567
8800
1234567
8802
1234567
8804
1234567
8806
1234567
8808
1234567
8810
1234567
8812
1234567
8814
1234567
8816
1234567
8818
1234567
8820
1234567
8822
1234567
8824
1234567
8826
1234567
8828
1234567
8830
1234567
8832
1234567
8834
1234567
8836
1234567
8838
1234567
8840
1234567
8842
1234567
8844
1234567
8846
1234567
8848
1234567
8850
1234567
8852
1234567
8854
1234567
8856
1234567
8858
1234567
8860
1234567
8862
1234567
8864
1234567
8866
1234567
8868
1234567
8870
1234567
8872
1234567
8874
1234567
8876
1234567
8878
1234567
8880
1234567
8882
1234567
8884
1234567
8886
1234567
8888
1234567
8890
1234567
8892
1234567
8894
1234567
8896
1234567
8898
1234567
8900
1234567
8902
1234567
8904
1234567
8906
1234567
8908
1234567
8910
1234567
8912
1234567
8914
1234567
8916
1234567
8918
1234567
8920
1234567
8922
1234567
8924
1234567
8926
1234567
8928
1234567
8930
1234567
8932
1234567
8934
1234567
8936
1234567
8938
1234567
8940
1234567
8942
1234567
8944
1234567
8946
1234567
8948
1234567
8950
1234567
8952
1234567
8954
1234567
8956
1234567
8958
1234567
8960
1234567
8962
1234567
8964
1234567
8966
1234567
8968
1234567
8970
1234567
8972
1234567
8974
1234567
8976
1234567
8978
1234567
8980
1234567
8982
1234567
8984
1234567
8986
1234567
8988
1234567
8990
1234567
8992
1234567
8994
1234567
8996
1234567
8998
1234567
9000
1234567
9002
1234567
9004
1234567
9006
1234567
9008
1234567
9010
1234567
9012
1234567
9014
1234567
9016
1234567
9018
1234567
9020
1234567
9022
1234567
9024
1234567
9026
1234567
9028
1234567
9030
1234567
9032
1234567
9034
1234567
9036
1234567
9038
1234567
9040
1234567
9042
1234567
9044
1234567
9046
1234567
9048
1234567
9050
1234567
9052
1234567
9054
1234567
9056
1234567
9058
1234567
9060
1234567
9062
1234567
9064
1234567
9066
1234567
9068
1234567
9070
1234567
9072
1234567
9074
1234567
9076
1234567
9078
1234567
9080
1234567
9082
1234567
9084
1234567
9086
1234567
9088
1234567
9090
1234567
9092
1234567
9094
1234567
9096
1234567
9098
1234567
9100
1234567
9102
1234567
9104
1234567
9106
1234567
9108
1234567
9110
1234567
9112
1234567
9114
1234567
9116
1234567
9118
1234567
9120
1234567
9122
1234567
9124
1234567
9126
1234567
9128
1234567
9130
1234567
9132
1234567
9134
1234567
9136
1234567
9138
1234567
9140
1234567
9142
1234567
9144
1234567
9146
1234567
9148
1234567
9150
1234567
9152
1234567
9154
1234567
9156
1234567
9158
1234567
9160
1234567
9162
1234567
9164
1234567
9166
1234567
9168
1234567
9170
1234567
9172
1234567
9174
1234567
9176
1234567
9178
1234567
9180
1234567
9182
1234567
9184
1234567
9186
1234567
9188
1234567
9190
1234567
9192
1234567
9194
1234567
9196
1234567
9198
1234567
9200
1234567
9202
1234567
9204
1234567
9206
1234567
9208
1234567
9210
1234567
9212
1234567
9214
1234567
9216
1234567
9218
1234567
9220
1234567
9222
1234567
9224
1234567
9226
1234567
9228
1234567
9230
1234567
9232
1234567
9234
1234567
9236
1234567
9238
1234567
9240
1234567
9242
1234567
9244
1234567
9246
1234567
9248
1234567
9250
1234567
9252
1234567
9254
1234567
9256
1234567
9258
1234567
9260
1234567
9262
1234567
9264
1234567
9266
1234567
9268
1234567
9270
1234567
9272
1234567
9274
1234567
9276
1234567
9278
1234567
9280
1234567
9282
1234567
9284
1234567
9286
1234567
9288
1234567
9290
1234567
9292
1234567
9294
1234567
9296
1234567
9298
1234567
9300
1234567
9302
1234567
9304
1234567
9306
1234567
9308
1234567
9310
1234567
9312
1234567
9314
1234567
9316
1234567
9318
1234567
9320
1234567
9322
1234567
9324
1234567
9326
1234567
9328
1234567
9330
1234567
9332
1234567
9334
1234567
9336
1234567
9338
1234567
9340
1234567
9342
1234567
9344
1234567
9346
1234567
9348
1234567
9350
1234567
9352
1234567
9354
1234567
9356
1234567
9358
1234567
9360
1234567
9362
1234567
9364
1234567
9366
1234567
9368
1234567
9370
1234567
9372
1234567
9374
1234567
9376
1234567
9378
1234567
9380
1234567
9382
1234567
9384
1234567
9386
1234567
9388
1234567
9390
1234567
9392
1234567
9394
1234567
9396
1234567
9398
1234567
9400
1234567
9402
1234567
9404
1234567
9406
1234567
9408
1234567
9410
1234567
9412
1234567
9414
1234567
9416
1234567
9418
1234567
9420
1234567
9422
1234567
9424
1234567
9426
1234567
9428
1234567
9430
1234567
9432
1234567
9434
1234567
9436
1234567
9438
1234567
9440
1234567
9442
1234567
9444
1234567
9446
1234567
9448
1234567
9450
1234567
9452
1234567
9454
1234567
9456
1234567
9458
1234567
9460
1234567
9462
1234567
9464
1234567
9466
1234567
9468
1234567
9470
1234567
9472
1234567
9474
1234567
9476
1234567
9478
1234567
9480
1234567
9482
1234567
9484
1234567
9486
1234567
9488
1234567
9490
1234567
9492
1234567
9494
1234567
9496
1234567
9498
1234567
9500
1234567
9502
1234567
9504
1234567
9506
1234567
9508
1234567
9510
1234567
9512
1234567
9514
1234567
9516
1234567
9518
1234567
9520
1234567
9522
1234567
9524
1234567
9526
1234567
9528
1234567
9530
1234567
9532
1234567
9534
1234567
9536
1234567
9538
1234567
9540
1234567
9542
1234567
9544
1234567
9546
1234567
9548
1234567
9550
1234567
9552
1234567
9554
1234567
9556
1234567
9558
1234567
9560
1234567
9562
1234567
9564
1234567
9566
1234567
9568
1234567
9570
1234567
9572
1234567
9574
1234567
9576
1234567
9578
1234567
9580
1234567
9582
1234567
9584
1234567
9586
1234567
9588
1234567
9590
1234567
9592
1234567
9594
1234567
9596
1234567
9598
1234567
9600
1234567
9602
1234567
9604
1234567
9606
1234567
9608
1234567
9610
1234567
9612
1234567
9614
1234567
9616
1234567
9618
1234567
9620
1234567
9622
1234567
9624
1234567
9626
1234567
9628
1234567
9630
1234567
9632
1234567
9634
1234567
9636
1234567
9638
1234567
9640
1234567
9642
1234567
9644
1234567
9646
1234567
9648
1234567
9650
1234567
9652
1234567
9654
1234567
9656
1234567
9658
1234567
9660
1234567
9662
1234567
9664
1234567
9666
1234567
9668
1234567
9670
1234567
9672
1234567
9674
1234567
9676
1234567
9678
1234567
9680
1234567
9682
1234567
9684
1234567
9686
1234567
9688
1234567
9690
1234567
9692
1234567
9694
1234567
9696
1234567
9698
1234567
9700
1234567
9702
1234567
9704
1234567
9706
1234567
9708
1234567
9710
1234567
9712
1234567
9714
1234567
9716
1234567
9718
1234567
9720
1234567
9722
1234567
9724
1234567
9726
1234567
9728
1234567
9730
1234567
9732
1234567
9734
1234567
9736
1234567
9738
1234567
9740
1234567
9742
1234567
9744
1234567
9746
1234567
9748
1234567
9750
1234567
9752
1234567
9754
1234567
9756
1234567
9758
1234567
9760
1234567
9762
1234567
9764
1234567
9766
1234567
9768
1234567
9770
1234567
9772
1234567
9774
1234567
9776
1234567
9778
1234567
9780
1234567
9782
1234567
9784
1234567
9786
1234567
9788
1234567
9790
1234567
9792
1234567
9794
1234567
9796
1234567
9798
1234567
9800
1234567
9802
1234567
9804
1234567
9806
1234567
9808
1234567
9810
1234567
9812
1234567
9814
1234567
9816
1234567
9818
1234567
9820
1234567
9822
1234567
9824
1234567
9826
1234567
9828
1234567
9830
1234567
9832
1234567
9834
1234567
9836
1234567
9838
1234567
9840
1234567
9842
1234567
9844
1234567
9846
1234567
9848
1234567
9850
1234567
9852
1234567
9854
1234567
9856
1234567
9858
1234567
9860
1234567
9862
1234567
9864
1234567
9866
1234567
9868
1234567
9870
1234567
9872
1234567
9874
1234567
9876
1234567
9878
1234567
9880
1234567
9882
1234567
9884
1234567
9886
1234567
9888
1234567
9890
1234567
9892
1234567
9894
1234567
9896
1234567
9898
1234567
9900
1234567
9902
1234567
9904
1234567
9906
1234567
9908
1234567
9910
1234567
9912
1234567
9914
1234567
9916
1234567
9918
1234567
9920
1234567
9922
1234567
9924
1234567
9926
1234567
9928
1234567
9930
1234567
9932
1234567
9934
1234567
9936
1234567
9938
1234567
9940
1234567
9942
1234567
9944
1234567
9946
1234567
9948
1234567
9950
1234567
9952
1234567
9954
1234567
9956
1234567
9958
1234567
9960
1234567
9962
1234567
9964
1234567
9966
1234567
9968
1234567
9970
1234567
9972
1234567
9974
1234567
9976
1234567
9978
1234567
9980
1234567
9982
1234567
9984
1234567
9986
1234567
9988
1234567
9990
1234567
9992
1234567
9994
1234567
9996
1234567
9998
1234567
